0 0.169792 0.076389 0.007292 0.009722
0 0.223958 0.072222 0.007292 0.009722
0 0.220833 0.168056 0.007292 0.009722
0 0.169792 0.158333 0.007292 0.009722
0 0.289583 0.156944 0.007292 0.009722
0 0.310417 0.170833 0.007292 0.009722
0 0.318750 0.179167 0.007292 0.009722
0 0.354167 0.216667 0.007292 0.009722
0 0.473958 0.102778 0.007292 0.009722
0 0.584375 0.031944 0.007292 0.009722
0 0.608333 0.026389 0.007292 0.009722
0 0.565625 0.191667 0.007292 0.009722
0 0.310417 0.493056 0.007292 0.009722
0 0.193750 0.400000 0.007292 0.009722
0 0.598958 0.327778 0.007292 0.009722
0 0.602083 0.380556 0.007292 0.009722
0 0.473958 0.433333 0.007292 0.009722
0 0.423958 0.525000 0.007292 0.009722
0 0.443750 0.550000 0.007292 0.009722
0 0.448958 0.584722 0.007292 0.009722
0 0.216667 0.602778 0.007292 0.009722
0 0.423958 0.672222 0.007292 0.009722
0 0.266667 0.676389 0.007292 0.009722
0 0.253125 0.694444 0.007292 0.009722
0 0.267708 0.820833 0.007292 0.009722
0 0.191667 0.893056 0.007292 0.009722
0 0.190625 0.904167 0.007292 0.009722
0 0.213542 0.887500 0.007292 0.009722
0 0.494792 0.944444 0.007292 0.009722
0 0.532292 0.947222 0.007292 0.009722
0 0.554167 0.861111 0.007292 0.009722
0 0.586458 0.825000 0.007292 0.009722
0 0.594792 0.820833 0.007292 0.009722
0 0.577083 0.693056 0.007292 0.009722
0 0.609375 0.659722 0.007292 0.009722
0 0.547917 0.688889 0.007292 0.009722
0 0.743750 0.093056 0.007292 0.009722
0 0.754167 0.097222 0.007292 0.009722
0 0.777083 0.127778 0.007292 0.009722
0 0.745833 0.148611 0.007292 0.009722
0 0.685417 0.105556 0.007292 0.009722
0 0.730208 0.298611 0.007292 0.009722
0 0.828125 0.272222 0.007292 0.009722
0 0.798958 0.365278 0.007292 0.009722
0 0.852083 0.362500 0.007292 0.009722
0 0.782292 0.400000 0.007292 0.009722
0 0.783333 0.566667 0.007292 0.009722
0 0.670833 0.487500 0.007292 0.009722
0 0.671875 0.527778 0.007292 0.009722
0 0.672917 0.556944 0.007292 0.009722
0 0.795833 0.609722 0.007292 0.009722
0 0.738542 0.902778 0.007292 0.009722
0 0.736458 0.884722 0.007292 0.009722
0 0.758333 0.704167 0.007292 0.009722
0 0.814583 0.725000 0.007292 0.009722
0 0.758333 0.734722 0.007292 0.009722