0 0.244792 0.166667 0.007292 0.009722
0 0.270833 0.205556 0.007292 0.009722
0 0.142708 0.234722 0.007292 0.009722
0 0.153125 0.255556 0.007292 0.009722
0 0.269792 0.244444 0.007292 0.009722
0 0.316667 0.159722 0.007292 0.009722
0 0.335417 0.108333 0.007292 0.009722
0 0.457292 0.038889 0.007292 0.009722
0 0.440625 0.087500 0.007292 0.009722
0 0.372917 0.137500 0.007292 0.009722
0 0.405208 0.136111 0.007292 0.009722
0 0.368750 0.211111 0.007292 0.009722
0 0.505208 0.218056 0.007292 0.009722
0 0.528125 0.180556 0.007292 0.009722
0 0.542708 0.184722 0.007292 0.009722
0 0.564583 0.141667 0.007292 0.009722
0 0.566667 0.158333 0.007292 0.009722
0 0.558333 0.076389 0.007292 0.009722
0 0.598958 0.050000 0.007292 0.009722
0 0.613542 0.033333 0.007292 0.009722
0 0.614583 0.077778 0.007292 0.009722
0 0.312500 0.262500 0.007292 0.009722
0 0.368750 0.280556 0.007292 0.009722
0 0.321875 0.309722 0.007292 0.009722
0 0.353125 0.295833 0.007292 0.009722
0 0.390625 0.345833 0.007292 0.009722
0 0.273958 0.330556 0.007292 0.009722
0 0.222917 0.315278 0.007292 0.009722
0 0.244792 0.272222 0.007292 0.009722
0 0.136458 0.308333 0.007292 0.009722
0 0.252083 0.384722 0.007292 0.009722
0 0.262500 0.413889 0.007292 0.009722
0 0.165625 0.386111 0.007292 0.009722
0 0.164583 0.425000 0.007292 0.009722
0 0.239583 0.438889 0.007292 0.009722
0 0.346875 0.415278 0.007292 0.009722
0 0.301042 0.448611 0.007292 0.009722
0 0.438542 0.468056 0.007292 0.009722
0 0.452083 0.452778 0.007292 0.009722
0 0.485417 0.408333 0.007292 0.009722
0 0.448958 0.365278 0.007292 0.009722
0 0.458333 0.362500 0.007292 0.009722
0 0.467708 0.287500 0.007292 0.009722
0 0.497917 0.288889 0.007292 0.009722
0 0.515625 0.308333 0.007292 0.009722
0 0.534375 0.347222 0.007292 0.009722
0 0.557292 0.327778 0.007292 0.009722
0 0.550000 0.372222 0.007292 0.009722
0 0.550000 0.408333 0.007292 0.009722
0 0.468750 0.429167 0.007292 0.009722
0 0.487500 0.470833 0.007292 0.009722
0 0.544792 0.536111 0.007292 0.009722
0 0.534375 0.591667 0.007292 0.009722
0 0.241667 0.498611 0.007292 0.009722
0 0.273958 0.519444 0.007292 0.009722
0 0.241667 0.551389 0.007292 0.009722
0 0.231250 0.522222 0.007292 0.009722
0 0.569792 0.345833 0.007292 0.009722
0 0.613542 0.212500 0.007292 0.009722
0 0.287500 0.686111 0.007292 0.009722
0 0.295833 0.704167 0.007292 0.009722
0 0.379167 0.633333 0.007292 0.009722
0 0.434375 0.618056 0.007292 0.009722
0 0.368750 0.615278 0.007292 0.009722
0 0.183333 0.665278 0.007292 0.009722
0 0.464583 0.726389 0.007292 0.009722
0 0.423958 0.804167 0.007292 0.009722
0 0.393750 0.883333 0.007292 0.009722
0 0.403125 0.916667 0.007292 0.009722
0 0.458333 0.918056 0.007292 0.009722
0 0.466667 0.848611 0.007292 0.009722
0 0.606250 0.611111 0.007292 0.009722
0 0.483333 0.620833 0.007292 0.009722
0 0.242708 0.779167 0.007292 0.009722
0 0.265625 0.838889 0.007292 0.009722
0 0.305208 0.863889 0.007292 0.009722
0 0.262500 0.963889 0.007292 0.009722
0 0.225000 0.926389 0.007292 0.009722
0 0.591667 0.745833 0.007292 0.009722
0 0.645833 0.833333 0.007292 0.009722
0 0.628125 0.944444 0.007292 0.009722
0 0.661458 0.831944 0.007292 0.009722
0 0.176042 0.909722 0.007292 0.009722
0 0.747917 0.072222 0.007292 0.009722
0 0.763542 0.113889 0.007292 0.009722
0 0.663542 0.154167 0.007292 0.009722
0 0.776042 0.231944 0.007292 0.009722
0 0.778125 0.240278 0.007292 0.009722
0 0.844792 0.277778 0.007292 0.009722
0 0.860417 0.365278 0.007292 0.009722
0 0.806250 0.330556 0.007292 0.009722
0 0.708333 0.511111 0.007292 0.009722
0 0.753125 0.529167 0.007292 0.009722
0 0.808333 0.552778 0.007292 0.009722
0 0.833333 0.391667 0.007292 0.009722
0 0.833333 0.429167 0.007292 0.009722
0 0.818750 0.484722 0.007292 0.009722
0 0.775000 0.576389 0.007292 0.009722
0 0.766667 0.570833 0.007292 0.009722
0 0.776042 0.604167 0.007292 0.009722
0 0.859375 0.573611 0.007292 0.009722