0 0.173958 0.086111 0.007292 0.009722
0 0.204167 0.047222 0.007292 0.009722
0 0.230208 0.041667 0.007292 0.009722
0 0.235417 0.226389 0.007292 0.009722
0 0.337500 0.230556 0.007292 0.009722
0 0.312500 0.130556 0.007292 0.009722
0 0.416667 0.145833 0.007292 0.009722
0 0.610417 0.088889 0.007292 0.009722
0 0.456250 0.383333 0.007292 0.009722
0 0.486458 0.370833 0.007292 0.009722
0 0.547917 0.341667 0.007292 0.009722
0 0.604167 0.362500 0.007292 0.009722
0 0.357292 0.394444 0.007292 0.009722
0 0.243750 0.309722 0.007292 0.009722
0 0.378125 0.272222 0.007292 0.009722
0 0.186458 0.336111 0.007292 0.009722
0 0.208333 0.387500 0.007292 0.009722
0 0.222917 0.443056 0.007292 0.009722
0 0.145833 0.490278 0.007292 0.009722
0 0.218750 0.479167 0.007292 0.009722
0 0.158333 0.536111 0.007292 0.009722
0 0.250000 0.565278 0.007292 0.009722
0 0.394792 0.520833 0.007292 0.009722
0 0.470833 0.602778 0.007292 0.009722
0 0.583333 0.527778 0.007292 0.009722
0 0.611458 0.649306 0.007292 0.009722
0 0.427083 0.693750 0.007292 0.009722
0 0.437500 0.756250 0.007292 0.009722
0 0.453125 0.797917 0.007292 0.009722
0 0.381250 0.789583 0.007292 0.009722
0 0.310417 0.772917 0.007292 0.009722
0 0.600000 0.795139 0.007292 0.009722
0 0.262500 0.674306 0.007292 0.009722
0 0.373958 0.629861 0.007292 0.009722
0 0.134375 0.635417 0.007292 0.009722
0 0.257292 0.803472 0.007292 0.009722
0 0.164583 0.952083 0.007292 0.009722
0 0.121875 0.935417 0.007292 0.009722
0 0.142708 0.897917 0.007292 0.009722
0 0.338542 0.936806 0.007292 0.009722
0 0.463542 0.945139 0.007292 0.009722
0 0.495833 0.903472 0.007292 0.009722
0 0.548958 0.977083 0.007292 0.009722
0 0.816667 0.179167 0.007292 0.009722
0 0.766667 0.230556 0.007292 0.009722
0 0.830208 0.536806 0.007292 0.009722
0 0.805208 0.571528 0.007292 0.009722
0 0.735417 0.615972 0.007292 0.009722
0 0.678125 0.561806 0.007292 0.009722
0 0.678125 0.818056 0.007292 0.009722
0 0.700000 0.862500 0.007292 0.009722
0 0.779167 0.727778 0.007292 0.009722
0 0.415625 0.858333 0.007292 0.009722