0 0.189583 0.061111 0.007292 0.009722
0 0.221875 0.156944 0.007292 0.009722
0 0.217708 0.020833 0.007292 0.009722
0 0.179167 0.225000 0.007292 0.009722
0 0.207292 0.302778 0.007292 0.009722
0 0.460417 0.554861 0.007292 0.009722
0 0.308333 0.748611 0.007292 0.009722
0 0.281250 0.731944 0.007292 0.009722
0 0.270833 0.840278 0.007292 0.009722
0 0.297917 0.856944 0.007292 0.009722
0 0.512500 0.729167 0.007292 0.009722
0 0.535417 0.781944 0.007292 0.009722
0 0.613542 0.350694 0.007292 0.009722
0 0.652083 0.352083 0.007292 0.009722
0 0.640625 0.236806 0.007292 0.009722
0 0.641667 0.169444 0.007292 0.009722
0 0.713542 0.215278 0.007292 0.009722
0 0.713542 0.500000 0.007292 0.009722
0 0.701042 0.623611 0.007292 0.009722
0 0.726042 0.651389 0.007292 0.009722
0 0.841667 0.597222 0.007292 0.009722
0 0.841667 0.729167 0.007292 0.009722
0 0.861458 0.783333 0.007292 0.009722
0 0.786458 0.752778 0.007292 0.009722
0 0.743750 0.818056 0.007292 0.009722