0 0.481250 0.081250 0.007292 0.009722
0 0.455208 0.115278 0.007292 0.009722
0 0.478125 0.187500 0.007292 0.009722
0 0.195833 0.320139 0.007292 0.009722
0 0.225521 0.318056 0.007292 0.009722
0 0.288542 0.315278 0.007292 0.009722
0 0.263021 0.311111 0.007292 0.009722
0 0.290104 0.275000 0.007292 0.009722
0 0.401042 0.386806 0.007292 0.009722
0 0.441667 0.425000 0.007292 0.009722
0 0.325000 0.428472 0.007292 0.009722
0 0.485938 0.123611 0.007292 0.009722
0 0.505208 0.072917 0.007292 0.009722
0 0.253125 0.468056 0.007292 0.009722
0 0.197917 0.516667 0.007292 0.009722
0 0.281771 0.545833 0.007292 0.009722
0 0.294271 0.502083 0.007292 0.009722
0 0.307292 0.477778 0.007292 0.009722
0 0.384375 0.576389 0.007292 0.009722
0 0.489583 0.605556 0.007292 0.009722
0 0.527083 0.700000 0.007292 0.009722
0 0.546354 0.449306 0.007292 0.009722
0 0.566667 0.735417 0.007292 0.009722
0 0.295833 0.726389 0.007292 0.009722
0 0.308333 0.769444 0.007292 0.009722
0 0.185417 0.730556 0.007292 0.009722
0 0.361458 0.897222 0.007292 0.009722
0 0.417708 0.843056 0.007292 0.009722
0 0.629167 0.633333 0.007292 0.009722
0 0.662500 0.687500 0.007292 0.009722
0 0.627083 0.344444 0.007292 0.009722
0 0.628125 0.172222 0.007292 0.009722
0 0.699479 0.264583 0.007292 0.009722
0 0.697917 0.355556 0.007292 0.009722
0 0.853646 0.331944 0.007292 0.009722
0 0.670312 0.595833 0.007292 0.009722
0 0.745833 0.678472 0.007292 0.009722
0 0.686979 0.629861 0.007292 0.009722
0 0.692708 0.759722 0.007292 0.009722
0 0.839063 0.790278 0.007292 0.009722
0 0.856250 0.785417 0.007292 0.009722
0 0.892708 0.779861 0.007292 0.009722
0 0.866146 0.704167 0.007292 0.009722
0 0.897396 0.635417 0.007292 0.009722
0 0.727083 0.903472 0.007292 0.009722