0 0.201042 0.076389 0.007292 0.009722
0 0.195833 0.091667 0.007292 0.009722
0 0.209375 0.119444 0.007292 0.009722
0 0.215625 0.193056 0.007292 0.009722
0 0.273958 0.183333 0.007292 0.009722
0 0.352083 0.123611 0.007292 0.009722
0 0.357292 0.138889 0.007292 0.009722
0 0.347917 0.190278 0.007292 0.009722
0 0.414583 0.095833 0.007292 0.009722
0 0.576042 0.033333 0.007292 0.009722
0 0.704167 0.045833 0.007292 0.009722
0 0.708333 0.122222 0.007292 0.009722
0 0.748958 0.159722 0.007292 0.009722
0 0.800000 0.250000 0.007292 0.009722
0 0.789583 0.283333 0.007292 0.009722
0 0.857292 0.304167 0.007292 0.009722
0 0.754167 0.312500 0.007292 0.009722
0 0.752083 0.343056 0.007292 0.009722
0 0.661458 0.261111 0.007292 0.009722
0 0.701042 0.340278 0.007292 0.009722
0 0.645833 0.355556 0.007292 0.009722
0 0.639583 0.373611 0.007292 0.009722
0 0.612500 0.380556 0.007292 0.009722
0 0.628125 0.284722 0.007292 0.009722
0 0.546875 0.291667 0.007292 0.009722
0 0.593750 0.300000 0.007292 0.009722
0 0.532292 0.244444 0.007292 0.009722
0 0.335417 0.337500 0.007292 0.009722
0 0.361458 0.368056 0.007292 0.009722
0 0.357292 0.383333 0.007292 0.009722
0 0.214583 0.263889 0.007292 0.009722
0 0.208333 0.272222 0.007292 0.009722
0 0.237500 0.404167 0.007292 0.009722
0 0.155208 0.394444 0.007292 0.009722
0 0.504167 0.388889 0.007292 0.009722
0 0.226042 0.526389 0.007292 0.009722
0 0.160417 0.487500 0.007292 0.009722
0 0.166667 0.581944 0.007292 0.009722
0 0.204167 0.569444 0.007292 0.009722
0 0.209375 0.593056 0.007292 0.009722
0 0.271875 0.576389 0.007292 0.009722
0 0.267708 0.577778 0.007292 0.009722
0 0.286458 0.525000 0.007292 0.009722
0 0.301042 0.476389 0.007292 0.009722
0 0.369792 0.520833 0.007292 0.009722
0 0.372917 0.537500 0.007292 0.009722
0 0.320833 0.587500 0.007292 0.009722
0 0.545833 0.529167 0.007292 0.009722
0 0.543750 0.425000 0.007292 0.009722
0 0.652083 0.487500 0.007292 0.009722
0 0.685417 0.394444 0.007292 0.009722
0 0.686458 0.429167 0.007292 0.009722
0 0.714583 0.506944 0.007292 0.009722
0 0.732292 0.540278 0.007292 0.009722
0 0.797917 0.629167 0.007292 0.009722
0 0.811458 0.630556 0.007292 0.009722
0 0.847917 0.681944 0.007292 0.009722
0 0.841667 0.734722 0.007292 0.009722
0 0.743750 0.652778 0.007292 0.009722
0 0.667708 0.650000 0.007292 0.009722
0 0.603125 0.706944 0.007292 0.009722
0 0.456250 0.723611 0.007292 0.009722
0 0.426042 0.709722 0.007292 0.009722
0 0.366667 0.718056 0.007292 0.009722
0 0.357292 0.670833 0.007292 0.009722
0 0.254167 0.672222 0.007292 0.009722
0 0.216667 0.661111 0.007292 0.009722
0 0.159375 0.620833 0.007292 0.009722
0 0.263542 0.808333 0.007292 0.009722
0 0.167708 0.829167 0.007292 0.009722
0 0.263542 0.843056 0.007292 0.009722
0 0.257292 0.923611 0.007292 0.009722
0 0.244792 0.962500 0.007292 0.009722
0 0.328125 0.948611 0.007292 0.009722
0 0.340625 0.826389 0.007292 0.009722
0 0.404167 0.805556 0.007292 0.009722
0 0.409375 0.830556 0.007292 0.009722
0 0.419792 0.827778 0.007292 0.009722
0 0.406250 0.901389 0.007292 0.009722
0 0.516667 0.822222 0.007292 0.009722
0 0.576042 0.830556 0.007292 0.009722
0 0.594792 0.788889 0.007292 0.009722
0 0.565625 0.865278 0.007292 0.009722
0 0.594792 0.884722 0.007292 0.009722
0 0.498958 0.947222 0.007292 0.009722
0 0.612500 0.933333 0.007292 0.009722
0 0.638542 0.955556 0.007292 0.009722
0 0.695833 0.779167 0.007292 0.009722
0 0.698958 0.804167 0.007292 0.009722
0 0.751042 0.863889 0.007292 0.009722
0 0.823958 0.951389 0.007292 0.009722
0 0.856250 0.961111 0.007292 0.009722