0 0.153125 0.166667 0.007292 0.009722
0 0.205208 0.140278 0.007292 0.009722
0 0.227083 0.094444 0.007292 0.009722
0 0.232292 0.054167 0.007292 0.009722
0 0.261458 0.079167 0.007292 0.009722
0 0.406250 0.030556 0.007292 0.009722
0 0.262500 0.172222 0.007292 0.009722
0 0.398958 0.186111 0.007292 0.009722
0 0.527083 0.162500 0.007292 0.009722
0 0.538542 0.087500 0.007292 0.009722
0 0.436458 0.122222 0.007292 0.009722
0 0.464583 0.227778 0.007292 0.009722
0 0.545833 0.335417 0.007292 0.009722
0 0.584375 0.395139 0.007292 0.009722
0 0.612500 0.286806 0.007292 0.009722
0 0.334375 0.350694 0.007292 0.009722
0 0.369792 0.377083 0.007292 0.009722
0 0.388542 0.447917 0.007292 0.009722
0 0.322917 0.411806 0.007292 0.009722
0 0.295833 0.336806 0.007292 0.009722
0 0.206250 0.413194 0.007292 0.009722
0 0.147917 0.343750 0.007292 0.009722
0 0.293750 0.504861 0.007292 0.009722
0 0.182292 0.554861 0.007292 0.009722
0 0.467708 0.502083 0.007292 0.009722
0 0.408333 0.563194 0.007292 0.009722
0 0.416667 0.646528 0.007292 0.009722
0 0.410417 0.692361 0.007292 0.009722
0 0.311458 0.696528 0.007292 0.009722
0 0.158333 0.738194 0.007292 0.009722
0 0.161458 0.786111 0.007292 0.009722
0 0.189583 0.784722 0.007292 0.009722
0 0.250000 0.929167 0.007292 0.009722
0 0.414583 0.977778 0.007292 0.009722
0 0.451042 0.919444 0.007292 0.009722
0 0.466667 0.866667 0.007292 0.009722
0 0.473958 0.825000 0.007292 0.009722
0 0.505208 0.787500 0.007292 0.009722
0 0.530208 0.665278 0.007292 0.009722
0 0.534375 0.680556 0.007292 0.009722
0 0.602083 0.666667 0.007292 0.009722
0 0.559375 0.855556 0.007292 0.009722
0 0.590625 0.863889 0.007292 0.009722
0 0.587500 0.916667 0.007292 0.009722
0 0.827083 0.293750 0.007292 0.009722
0 0.785417 0.270139 0.007292 0.009722
0 0.680208 0.361806 0.007292 0.009722
0 0.678125 0.395139 0.007292 0.009722
0 0.703125 0.439583 0.007292 0.009722
0 0.667708 0.556250 0.007292 0.009722
0 0.680208 0.568750 0.007292 0.009722
0 0.790625 0.470139 0.007292 0.009722
0 0.778125 0.581944 0.007292 0.009722
0 0.827083 0.594444 0.007292 0.009722
0 0.780208 0.633333 0.007292 0.009722
0 0.754167 0.698611 0.007292 0.009722
0 0.821875 0.795833 0.007292 0.009722
0 0.802083 0.968056 0.007292 0.009722
0 0.676042 0.697222 0.007292 0.009722
0 0.788542 0.513889 0.007292 0.009722