0 0.191667 0.090278 0.007292 0.009722
0 0.168750 0.116667 0.007292 0.009722
0 0.238542 0.104167 0.007292 0.009722
0 0.276042 0.115278 0.007292 0.009722
0 0.314583 0.093056 0.007292 0.009722
0 0.325000 0.170833 0.007292 0.009722
0 0.379167 0.161111 0.007292 0.009722
0 0.394792 0.165278 0.007292 0.009722
0 0.411458 0.172222 0.007292 0.009722
0 0.325000 0.080556 0.007292 0.009722
0 0.477083 0.081944 0.007292 0.009722
0 0.540625 0.161111 0.007292 0.009722
0 0.548958 0.184722 0.007292 0.009722
0 0.531250 0.222222 0.007292 0.009722
0 0.635417 0.051389 0.007292 0.009722
0 0.710417 0.073611 0.007292 0.009722
0 0.718750 0.101389 0.007292 0.009722
0 0.710417 0.129167 0.007292 0.009722
0 0.723958 0.163889 0.007292 0.009722
0 0.636458 0.123611 0.007292 0.009722
0 0.810417 0.197222 0.007292 0.009722
0 0.820833 0.197222 0.007292 0.009722
0 0.832292 0.191667 0.007292 0.009722
0 0.841667 0.151389 0.007292 0.009722
0 0.876042 0.119444 0.007292 0.009722
0 0.884375 0.136111 0.007292 0.009722
0 0.862500 0.251389 0.007292 0.009722
0 0.872917 0.365278 0.007292 0.009722
0 0.765625 0.372222 0.007292 0.009722
0 0.702083 0.258333 0.007292 0.009722
0 0.700000 0.236111 0.007292 0.009722
0 0.587500 0.230556 0.007292 0.009722
0 0.627083 0.379167 0.007292 0.009722
0 0.570833 0.387500 0.007292 0.009722
0 0.545833 0.406944 0.007292 0.009722
0 0.518750 0.355556 0.007292 0.009722
0 0.464583 0.327778 0.007292 0.009722
0 0.454167 0.237500 0.007292 0.009722
0 0.428125 0.272222 0.007292 0.009722
0 0.441667 0.388889 0.007292 0.009722
0 0.376042 0.298611 0.007292 0.009722
0 0.334375 0.306944 0.007292 0.009722
0 0.343750 0.394444 0.007292 0.009722
0 0.243750 0.395833 0.007292 0.009722
0 0.212500 0.354167 0.007292 0.009722
0 0.181250 0.320833 0.007292 0.009722
0 0.175000 0.234722 0.007292 0.009722
0 0.203125 0.443056 0.007292 0.009722
0 0.209375 0.475000 0.007292 0.009722
0 0.198958 0.527778 0.007292 0.009722
0 0.283333 0.441667 0.007292 0.009722
0 0.535417 0.458333 0.007292 0.009722
0 0.611458 0.451389 0.007292 0.009722
0 0.608333 0.531944 0.007292 0.009722
0 0.661458 0.472222 0.007292 0.009722
0 0.669792 0.501389 0.007292 0.009722
0 0.792708 0.559722 0.007292 0.009722
0 0.803125 0.570833 0.007292 0.009722
0 0.864583 0.541667 0.007292 0.009722
0 0.752083 0.650000 0.007292 0.009722
0 0.806250 0.676389 0.007292 0.009722
0 0.756250 0.695833 0.007292 0.009722
0 0.743750 0.733333 0.007292 0.009722
0 0.720833 0.695833 0.007292 0.009722
0 0.717708 0.644444 0.007292 0.009722
0 0.705208 0.584722 0.007292 0.009722
0 0.666667 0.647222 0.007292 0.009722
0 0.562500 0.644444 0.007292 0.009722
0 0.571875 0.662500 0.007292 0.009722
0 0.490625 0.623611 0.007292 0.009722
0 0.459375 0.606944 0.007292 0.009722
0 0.350000 0.697222 0.007292 0.009722
0 0.303125 0.613889 0.007292 0.009722
0 0.281250 0.609722 0.007292 0.009722
0 0.237500 0.651389 0.007292 0.009722
0 0.277083 0.684722 0.007292 0.009722
0 0.297917 0.691667 0.007292 0.009722
0 0.285417 0.713889 0.007292 0.009722
0 0.195833 0.780556 0.007292 0.009722
0 0.363542 0.815278 0.007292 0.009722
0 0.326042 0.931944 0.007292 0.009722
0 0.435417 0.916667 0.007292 0.009722
0 0.332292 0.948611 0.007292 0.009722
0 0.485417 0.850000 0.007292 0.009722
0 0.494792 0.852778 0.007292 0.009722
0 0.497917 0.841667 0.007292 0.009722
0 0.518750 0.934722 0.007292 0.009722
0 0.691667 0.854167 0.007292 0.009722
0 0.693750 0.866667 0.007292 0.009722
0 0.701042 0.912500 0.007292 0.009722
0 0.763542 0.875000 0.007292 0.009722
0 0.788542 0.883333 0.007292 0.009722