0 0.185938 0.056944 0.007292 0.009722
0 0.177604 0.172917 0.007292 0.009722
0 0.258854 0.184028 0.007292 0.009722
0 0.300000 0.075694 0.007292 0.009722
0 0.373437 0.080556 0.007292 0.009722
0 0.435417 0.030556 0.007292 0.009722
0 0.504167 0.102778 0.007292 0.009722
0 0.489063 0.220139 0.007292 0.009722
0 0.483333 0.187500 0.007292 0.009722
0 0.477083 0.209722 0.007292 0.009722
0 0.367188 0.201389 0.007292 0.009722
0 0.289583 0.225694 0.007292 0.009722
0 0.285417 0.241667 0.007292 0.009722
0 0.331771 0.242361 0.007292 0.009722
0 0.377083 0.247917 0.007292 0.009722
0 0.446354 0.242361 0.007292 0.009722
0 0.431250 0.256250 0.007292 0.009722
0 0.447917 0.300694 0.007292 0.009722
0 0.486979 0.284028 0.007292 0.009722
0 0.400521 0.356250 0.007292 0.009722
0 0.352604 0.386111 0.007292 0.009722
0 0.351562 0.409722 0.007292 0.009722
0 0.324479 0.377778 0.007292 0.009722
0 0.324479 0.367361 0.007292 0.009722
0 0.275521 0.284028 0.007292 0.009722
0 0.256250 0.273611 0.007292 0.009722
0 0.229167 0.264583 0.007292 0.009722
0 0.232813 0.328472 0.007292 0.009722
0 0.167187 0.293056 0.007292 0.009722
0 0.155729 0.406250 0.007292 0.009722
0 0.145833 0.408333 0.007292 0.009722
0 0.268750 0.398611 0.007292 0.009722
0 0.224479 0.450694 0.007292 0.009722
0 0.160417 0.606944 0.007292 0.009722
0 0.193750 0.625694 0.007292 0.009722
0 0.273438 0.587500 0.007292 0.009722
0 0.325521 0.540972 0.007292 0.009722
0 0.351562 0.568056 0.007292 0.009722
0 0.345833 0.606944 0.007292 0.009722
0 0.208333 0.878472 0.007292 0.009722
0 0.254167 0.837500 0.007292 0.009722
0 0.275521 0.872917 0.007292 0.009722
0 0.150000 0.894444 0.007292 0.009722
0 0.154688 0.931944 0.007292 0.009722
0 0.258854 0.750694 0.007292 0.009722
0 0.281771 0.727778 0.007292 0.009722
0 0.318229 0.772917 0.007292 0.009722
0 0.316667 0.642361 0.007292 0.009722
0 0.367188 0.654167 0.007292 0.009722
0 0.431771 0.669444 0.007292 0.009722
0 0.380729 0.789583 0.007292 0.009722
0 0.385937 0.831250 0.007292 0.009722
0 0.398438 0.820139 0.007292 0.009722
0 0.402604 0.839583 0.007292 0.009722
0 0.418750 0.844444 0.007292 0.009722
0 0.446354 0.898611 0.007292 0.009722
0 0.493229 0.840278 0.007292 0.009722
0 0.497396 0.816667 0.007292 0.009722
0 0.490104 0.800694 0.007292 0.009722
0 0.460417 0.706250 0.007292 0.009722
0 0.489063 0.626389 0.007292 0.009722
0 0.470833 0.584028 0.007292 0.009722
0 0.414062 0.528472 0.007292 0.009722
0 0.410938 0.509028 0.007292 0.009722
0 0.472917 0.515972 0.007292 0.009722
0 0.466146 0.545139 0.007292 0.009722
0 0.502604 0.513194 0.007292 0.009722
0 0.481250 0.453472 0.007292 0.009722
0 0.518229 0.098611 0.007292 0.009722
0 0.567708 0.048611 0.007292 0.009722
0 0.635938 0.043056 0.007292 0.009722
0 0.741146 0.022222 0.007292 0.009722
0 0.834896 0.026389 0.007292 0.009722
0 0.840104 0.129167 0.007292 0.009722
0 0.870313 0.154167 0.007292 0.009722
0 0.850521 0.215278 0.007292 0.009722
0 0.784375 0.163889 0.007292 0.009722
0 0.775521 0.184722 0.007292 0.009722
0 0.786979 0.108333 0.007292 0.009722
0 0.739062 0.100000 0.007292 0.009722
0 0.713021 0.145139 0.007292 0.009722
0 0.652604 0.137500 0.007292 0.009722
0 0.702604 0.230556 0.007292 0.009722
0 0.613021 0.228472 0.007292 0.009722
0 0.567187 0.181944 0.007292 0.009722
0 0.536979 0.131944 0.007292 0.009722
0 0.546354 0.147222 0.007292 0.009722
0 0.533854 0.173611 0.007292 0.009722
0 0.547396 0.347917 0.007292 0.009722
0 0.648958 0.358333 0.007292 0.009722
0 0.656771 0.353472 0.007292 0.009722
0 0.726042 0.361806 0.007292 0.009722
0 0.749479 0.308333 0.007292 0.009722
0 0.813021 0.316667 0.007292 0.009722
0 0.829688 0.372917 0.007292 0.009722
0 0.838021 0.390278 0.007292 0.009722
0 0.747396 0.415278 0.007292 0.009722
0 0.732292 0.423611 0.007292 0.009722
0 0.713021 0.406250 0.007292 0.009722
0 0.825521 0.474306 0.007292 0.009722
0 0.838542 0.522917 0.007292 0.009722
0 0.861458 0.534028 0.007292 0.009722
0 0.851562 0.553472 0.007292 0.009722
0 0.872396 0.577778 0.007292 0.009722
0 0.721875 0.506250 0.007292 0.009722
0 0.660937 0.450000 0.007292 0.009722
0 0.667188 0.547222 0.007292 0.009722
0 0.636979 0.559028 0.007292 0.009722
0 0.621354 0.543750 0.007292 0.009722
0 0.602604 0.534028 0.007292 0.009722
0 0.519792 0.500000 0.007292 0.009722
0 0.519792 0.420139 0.007292 0.009722
0 0.511458 0.540972 0.007292 0.009722
0 0.526042 0.550694 0.007292 0.009722
0 0.578646 0.654861 0.007292 0.009722
0 0.629687 0.613194 0.007292 0.009722
0 0.582812 0.672222 0.007292 0.009722
0 0.515104 0.702778 0.007292 0.009722
0 0.528646 0.732639 0.007292 0.009722
0 0.548958 0.750694 0.007292 0.009722
0 0.730729 0.636111 0.007292 0.009722
0 0.726042 0.653472 0.007292 0.009722
0 0.724479 0.695139 0.007292 0.009722
0 0.723958 0.730556 0.007292 0.009722
0 0.738542 0.746528 0.007292 0.009722
0 0.718229 0.767361 0.007292 0.009722
0 0.840104 0.669444 0.007292 0.009722
0 0.873437 0.809028 0.007292 0.009722
0 0.817187 0.862500 0.007292 0.009722
0 0.838021 0.919444 0.007292 0.009722
0 0.814063 0.925000 0.007292 0.009722
0 0.788021 0.938889 0.007292 0.009722
0 0.731771 0.968056 0.007292 0.009722
0 0.697396 0.956250 0.007292 0.009722
0 0.715625 0.870139 0.007292 0.009722
0 0.721354 0.814583 0.007292 0.009722
0 0.683854 0.836111 0.007292 0.009722
0 0.665104 0.865278 0.007292 0.009722
0 0.650521 0.851389 0.007292 0.009722
0 0.611458 0.854167 0.007292 0.009722
0 0.617708 0.859028 0.007292 0.009722
0 0.563542 0.892361 0.007292 0.009722
0 0.561979 0.859028 0.007292 0.009722
0 0.538542 0.845833 0.007292 0.009722
0 0.523958 0.811111 0.007292 0.009722
0 0.514062 0.813889 0.007292 0.009722
0 0.551042 0.898611 0.007292 0.009722
0 0.515625 0.922222 0.007292 0.009722
0 0.568229 0.964583 0.007292 0.009722