0 0.139583 0.072222 0.007292 0.009722
0 0.191667 0.044444 0.007292 0.009722
0 0.196875 0.066667 0.007292 0.009722
0 0.140625 0.138889 0.007292 0.009722
0 0.150000 0.154167 0.007292 0.009722
0 0.184375 0.145833 0.007292 0.009722
0 0.195833 0.144444 0.007292 0.009722
0 0.261458 0.101389 0.007292 0.009722
0 0.279167 0.091667 0.007292 0.009722
0 0.275000 0.144444 0.007292 0.009722
0 0.269792 0.150000 0.007292 0.009722
0 0.278125 0.162500 0.007292 0.009722
0 0.255208 0.175000 0.007292 0.009722
0 0.234375 0.219444 0.007292 0.009722
0 0.234375 0.233333 0.007292 0.009722
0 0.212500 0.236111 0.007292 0.009722
0 0.247917 0.281944 0.007292 0.009722
0 0.263542 0.286111 0.007292 0.009722
0 0.266667 0.302778 0.007292 0.009722
0 0.125000 0.268056 0.007292 0.009722
0 0.140625 0.415278 0.007292 0.009722
0 0.123958 0.420833 0.007292 0.009722
0 0.227083 0.429167 0.007292 0.009722
0 0.203125 0.470833 0.007292 0.009722
0 0.173958 0.511111 0.007292 0.009722
0 0.155208 0.544444 0.007292 0.009722
0 0.165625 0.552778 0.007292 0.009722
0 0.137500 0.627778 0.007292 0.009722
0 0.178125 0.606944 0.007292 0.009722
0 0.179167 0.623611 0.007292 0.009722
0 0.204167 0.598611 0.007292 0.009722
0 0.278125 0.630556 0.007292 0.009722
0 0.273958 0.579167 0.007292 0.009722
0 0.282292 0.556944 0.007292 0.009722
0 0.275000 0.462500 0.007292 0.009722
0 0.315625 0.459722 0.007292 0.009722
0 0.354167 0.463889 0.007292 0.009722
0 0.346875 0.480556 0.007292 0.009722
0 0.329167 0.534722 0.007292 0.009722
0 0.338542 0.608333 0.007292 0.009722
0 0.355208 0.550000 0.007292 0.009722
0 0.372917 0.538889 0.007292 0.009722
0 0.379167 0.545833 0.007292 0.009722
0 0.411458 0.495833 0.007292 0.009722
0 0.373958 0.406944 0.007292 0.009722
0 0.356250 0.400000 0.007292 0.009722
0 0.283333 0.370833 0.007292 0.009722
0 0.321875 0.331944 0.007292 0.009722
0 0.326042 0.061111 0.007292 0.009722
0 0.335417 0.050000 0.007292 0.009722
0 0.348958 0.081944 0.007292 0.009722
0 0.394792 0.087500 0.007292 0.009722
0 0.360417 0.147222 0.007292 0.009722
0 0.368750 0.150000 0.007292 0.009722
0 0.368750 0.170833 0.007292 0.009722
0 0.364583 0.200000 0.007292 0.009722
0 0.382292 0.234722 0.007292 0.009722
0 0.418750 0.231944 0.007292 0.009722
0 0.427083 0.151389 0.007292 0.009722
0 0.434375 0.090278 0.007292 0.009722
0 0.440625 0.055556 0.007292 0.009722
0 0.417708 0.038889 0.007292 0.009722
0 0.488542 0.044444 0.007292 0.009722
0 0.482292 0.095833 0.007292 0.009722
0 0.508333 0.086111 0.007292 0.009722
0 0.505208 0.108333 0.007292 0.009722
0 0.527083 0.044444 0.007292 0.009722
0 0.565625 0.025000 0.007292 0.009722
0 0.651042 0.097222 0.007292 0.009722
0 0.605208 0.180556 0.007292 0.009722
0 0.628125 0.183333 0.007292 0.009722
0 0.519792 0.225000 0.007292 0.009722
0 0.556250 0.231944 0.007292 0.009722
0 0.563542 0.358333 0.007292 0.009722
0 0.473958 0.359722 0.007292 0.009722
0 0.406250 0.363889 0.007292 0.009722
0 0.453125 0.420833 0.007292 0.009722
0 0.480208 0.430556 0.007292 0.009722
0 0.488542 0.420833 0.007292 0.009722
0 0.489583 0.480556 0.007292 0.009722
0 0.605208 0.468056 0.007292 0.009722
0 0.637500 0.458333 0.007292 0.009722
0 0.598958 0.508333 0.007292 0.009722
0 0.600000 0.519444 0.007292 0.009722
0 0.572917 0.536111 0.007292 0.009722
0 0.595833 0.563889 0.007292 0.009722
0 0.603125 0.575000 0.007292 0.009722
0 0.564583 0.576389 0.007292 0.009722
0 0.489583 0.637500 0.007292 0.009722
0 0.477083 0.636111 0.007292 0.009722
0 0.185417 0.683333 0.007292 0.009722
0 0.281250 0.684722 0.007292 0.009722
0 0.304167 0.700000 0.007292 0.009722
0 0.250000 0.716667 0.007292 0.009722
0 0.235417 0.750000 0.007292 0.009722
0 0.147917 0.927778 0.007292 0.009722
0 0.139583 0.943056 0.007292 0.009722
0 0.153125 0.940278 0.007292 0.009722
0 0.185417 0.923611 0.007292 0.009722
0 0.180208 0.975000 0.007292 0.009722
0 0.310417 0.815278 0.007292 0.009722
0 0.310417 0.958333 0.007292 0.009722
0 0.368750 0.954167 0.007292 0.009722
0 0.356250 0.851389 0.007292 0.009722
0 0.391667 0.855556 0.007292 0.009722
0 0.378125 0.793056 0.007292 0.009722
0 0.396875 0.758333 0.007292 0.009722
0 0.402083 0.733333 0.007292 0.009722
0 0.414583 0.698611 0.007292 0.009722
0 0.423958 0.723611 0.007292 0.009722
0 0.441667 0.743056 0.007292 0.009722
0 0.443750 0.770833 0.007292 0.009722
0 0.475000 0.687500 0.007292 0.009722
0 0.502083 0.725000 0.007292 0.009722
0 0.525000 0.697222 0.007292 0.009722
0 0.534375 0.780556 0.007292 0.009722
0 0.634375 0.684722 0.007292 0.009722
0 0.576042 0.800000 0.007292 0.009722
0 0.566667 0.870833 0.007292 0.009722
0 0.553125 0.891667 0.007292 0.009722
0 0.554167 0.966667 0.007292 0.009722
0 0.452083 0.959722 0.007292 0.009722
0 0.483333 0.859722 0.007292 0.009722
0 0.757292 0.052778 0.007292 0.009722
0 0.816667 0.070833 0.007292 0.009722
0 0.759375 0.090278 0.007292 0.009722
0 0.691667 0.118056 0.007292 0.009722
0 0.728125 0.138889 0.007292 0.009722
0 0.698958 0.163889 0.007292 0.009722
0 0.736458 0.263889 0.007292 0.009722
0 0.704167 0.327778 0.007292 0.009722
0 0.679167 0.356944 0.007292 0.009722
0 0.835417 0.334722 0.007292 0.009722
0 0.833333 0.413889 0.007292 0.009722
0 0.793750 0.472222 0.007292 0.009722
0 0.704167 0.458333 0.007292 0.009722
0 0.713542 0.504167 0.007292 0.009722
0 0.676042 0.323611 0.007292 0.009722
0 0.754167 0.501389 0.007292 0.009722
0 0.728125 0.498611 0.007292 0.009722
0 0.757292 0.526389 0.007292 0.009722
0 0.788542 0.545833 0.007292 0.009722
0 0.677083 0.640278 0.007292 0.009722
0 0.677083 0.658333 0.007292 0.009722
0 0.764583 0.640278 0.007292 0.009722
0 0.753125 0.737500 0.007292 0.009722
0 0.809375 0.737500 0.007292 0.009722
0 0.807292 0.769444 0.007292 0.009722
0 0.819792 0.793056 0.007292 0.009722
0 0.745833 0.791667 0.007292 0.009722
0 0.737500 0.813889 0.007292 0.009722
0 0.744792 0.926389 0.007292 0.009722
0 0.670833 0.937500 0.007292 0.009722
0 0.820833 0.965278 0.007292 0.009722