0 0.266146 0.218056 0.007292 0.009722
0 0.167187 0.237500 0.007292 0.009722
0 0.189062 0.238889 0.007292 0.009722
0 0.203646 0.304167 0.007292 0.009722
0 0.306771 0.238889 0.007292 0.009722
0 0.378646 0.259722 0.007292 0.009722
0 0.400521 0.252778 0.007292 0.009722
0 0.447396 0.187500 0.007292 0.009722
0 0.449479 0.197222 0.007292 0.009722
0 0.380729 0.145833 0.007292 0.009722
0 0.347396 0.100000 0.007292 0.009722
0 0.478646 0.056944 0.007292 0.009722
0 0.548438 0.025000 0.007292 0.009722
0 0.519271 0.120833 0.007292 0.009722
0 0.514062 0.143056 0.007292 0.009722
0 0.533854 0.156944 0.007292 0.009722
0 0.551562 0.169444 0.007292 0.009722
0 0.605729 0.070833 0.007292 0.009722
0 0.623437 0.163889 0.007292 0.009722
0 0.641146 0.150000 0.007292 0.009722
0 0.642188 0.212500 0.007292 0.009722
0 0.677604 0.058333 0.007292 0.009722
0 0.489063 0.284722 0.007292 0.009722
0 0.456771 0.287500 0.007292 0.009722
0 0.464062 0.245833 0.007292 0.009722
0 0.473438 0.334722 0.007292 0.009722
0 0.507812 0.333333 0.007292 0.009722
0 0.499479 0.355556 0.007292 0.009722
0 0.606771 0.370833 0.007292 0.009722
0 0.550521 0.448611 0.007292 0.009722
0 0.575521 0.527778 0.007292 0.009722
0 0.418229 0.476389 0.007292 0.009722
0 0.436979 0.581944 0.007292 0.009722
0 0.374479 0.437500 0.007292 0.009722
0 0.402604 0.350000 0.007292 0.009722
0 0.350521 0.280556 0.007292 0.009722
0 0.317188 0.358333 0.007292 0.009722
0 0.207813 0.413889 0.007292 0.009722
0 0.241146 0.484722 0.007292 0.009722
0 0.329688 0.415278 0.007292 0.009722
0 0.333854 0.443056 0.007292 0.009722
0 0.355729 0.461111 0.007292 0.009722
0 0.329688 0.479167 0.007292 0.009722
0 0.340104 0.538889 0.007292 0.009722
0 0.255729 0.562500 0.007292 0.009722
0 0.214062 0.552778 0.007292 0.009722
0 0.244271 0.595833 0.007292 0.009722
0 0.170313 0.563889 0.007292 0.009722
0 0.301563 0.677778 0.007292 0.009722
0 0.178646 0.679167 0.007292 0.009722
0 0.166146 0.737500 0.007292 0.009722
0 0.200521 0.797222 0.007292 0.009722
0 0.238021 0.795833 0.007292 0.009722
0 0.301563 0.768056 0.007292 0.009722
0 0.398438 0.644444 0.007292 0.009722
0 0.416146 0.652778 0.007292 0.009722
0 0.511979 0.704167 0.007292 0.009722
0 0.446354 0.672222 0.007292 0.009722
0 0.383854 0.893056 0.007292 0.009722
0 0.353646 0.894444 0.007292 0.009722
0 0.367188 0.947222 0.007292 0.009722
0 0.220312 0.961111 0.007292 0.009722
0 0.185938 0.893056 0.007292 0.009722
0 0.624479 0.627778 0.007292 0.009722
0 0.664062 0.681944 0.007292 0.009722
0 0.564063 0.813889 0.007292 0.009722
0 0.524479 0.806944 0.007292 0.009722
0 0.546354 0.952778 0.007292 0.009722
0 0.653646 0.952778 0.007292 0.009722
0 0.658854 0.965278 0.007292 0.009722
0 0.666146 0.232639 0.007292 0.009722
0 0.746875 0.043056 0.007292 0.009722
0 0.787500 0.129167 0.007292 0.009722
0 0.804167 0.106944 0.007292 0.009722
0 0.808333 0.055556 0.007292 0.009722
0 0.820833 0.093056 0.007292 0.009722
0 0.854167 0.090278 0.007292 0.009722
0 0.851042 0.109722 0.007292 0.009722
0 0.784375 0.295833 0.007292 0.009722
0 0.808333 0.244444 0.007292 0.009722
0 0.735417 0.290278 0.007292 0.009722
0 0.830208 0.384722 0.007292 0.009722
0 0.858333 0.398611 0.007292 0.009722
0 0.866667 0.397222 0.007292 0.009722
0 0.884375 0.279167 0.007292 0.009722
0 0.863542 0.478472 0.007292 0.009722
0 0.779167 0.475694 0.007292 0.009722
0 0.777083 0.502083 0.007292 0.009722
0 0.705208 0.514583 0.007292 0.009722
0 0.803125 0.631250 0.007292 0.009722
0 0.722917 0.661806 0.007292 0.009722
0 0.782292 0.689583 0.007292 0.009722
0 0.802083 0.880556 0.007292 0.009722
0 0.882292 0.859722 0.007292 0.009722
0 0.869792 0.952778 0.007292 0.009722