0 0.159375 0.081944 0.007292 0.009722
0 0.184375 0.147222 0.007292 0.009722
0 0.264583 0.144444 0.007292 0.009722
0 0.285417 0.106944 0.007292 0.009722
0 0.309375 0.172222 0.007292 0.009722
0 0.359375 0.034722 0.007292 0.009722
0 0.466667 0.043056 0.007292 0.009722
0 0.467708 0.059722 0.007292 0.009722
0 0.477083 0.100000 0.007292 0.009722
0 0.412500 0.150000 0.007292 0.009722
0 0.354167 0.136111 0.007292 0.009722
0 0.362500 0.150000 0.007292 0.009722
0 0.313542 0.134722 0.007292 0.009722
0 0.356250 0.172222 0.007292 0.009722
0 0.525000 0.138889 0.007292 0.009722
0 0.569792 0.070833 0.007292 0.009722
0 0.618750 0.215278 0.007292 0.009722
0 0.603125 0.197222 0.007292 0.009722
0 0.659375 0.183333 0.007292 0.009722
0 0.565625 0.231944 0.007292 0.009722
0 0.550000 0.243056 0.007292 0.009722
0 0.469792 0.256944 0.007292 0.009722
0 0.389583 0.279167 0.007292 0.009722
0 0.464583 0.304167 0.007292 0.009722
0 0.467708 0.315278 0.007292 0.009722
0 0.325000 0.300000 0.007292 0.009722
0 0.318750 0.306944 0.007292 0.009722
0 0.326042 0.340278 0.007292 0.009722
0 0.307292 0.362500 0.007292 0.009722
0 0.303125 0.294444 0.007292 0.009722
0 0.314583 0.258333 0.007292 0.009722
0 0.302083 0.222222 0.007292 0.009722
0 0.244792 0.230556 0.007292 0.009722
0 0.244792 0.261111 0.007292 0.009722
0 0.212500 0.294444 0.007292 0.009722
0 0.168750 0.302778 0.007292 0.009722
0 0.127083 0.309722 0.007292 0.009722
0 0.182292 0.352778 0.007292 0.009722
0 0.255208 0.358333 0.007292 0.009722
0 0.262500 0.402778 0.007292 0.009722
0 0.267708 0.408333 0.007292 0.009722
0 0.254167 0.443056 0.007292 0.009722
0 0.248958 0.447222 0.007292 0.009722
0 0.219792 0.493056 0.007292 0.009722
0 0.127083 0.566667 0.007292 0.009722
0 0.157292 0.618056 0.007292 0.009722
0 0.222917 0.597222 0.007292 0.009722
0 0.244792 0.570833 0.007292 0.009722
0 0.268750 0.631944 0.007292 0.009722
0 0.318750 0.608333 0.007292 0.009722
0 0.331250 0.520833 0.007292 0.009722
0 0.378125 0.433333 0.007292 0.009722
0 0.388542 0.380556 0.007292 0.009722
0 0.456250 0.397222 0.007292 0.009722
0 0.543750 0.369444 0.007292 0.009722
0 0.527083 0.283333 0.007292 0.009722
0 0.582292 0.336111 0.007292 0.009722
0 0.630208 0.361111 0.007292 0.009722
0 0.661458 0.344444 0.007292 0.009722
0 0.590625 0.401389 0.007292 0.009722
0 0.505208 0.433333 0.007292 0.009722
0 0.520833 0.497222 0.007292 0.009722
0 0.480208 0.572222 0.007292 0.009722
0 0.552083 0.569444 0.007292 0.009722
0 0.638542 0.530556 0.007292 0.009722
0 0.393750 0.506944 0.007292 0.009722
0 0.375000 0.541667 0.007292 0.009722
0 0.496875 0.470139 0.007292 0.009722
0 0.485417 0.663889 0.007292 0.009722
0 0.416667 0.676389 0.007292 0.009722
0 0.536458 0.662500 0.007292 0.009722
0 0.532292 0.670833 0.007292 0.009722
0 0.638542 0.638889 0.007292 0.009722
0 0.598958 0.665278 0.007292 0.009722
0 0.628125 0.701389 0.007292 0.009722
0 0.622917 0.743056 0.007292 0.009722
0 0.540625 0.730556 0.007292 0.009722
0 0.651042 0.798611 0.007292 0.009722
0 0.635417 0.804167 0.007292 0.009722
0 0.598958 0.861111 0.007292 0.009722
0 0.606250 0.887500 0.007292 0.009722
0 0.620833 0.911111 0.007292 0.009722
0 0.653125 0.915278 0.007292 0.009722
0 0.657292 0.927778 0.007292 0.009722
0 0.580208 0.897222 0.007292 0.009722
0 0.593750 0.937500 0.007292 0.009722
0 0.609375 0.908333 0.007292 0.009722
0 0.600000 0.908333 0.007292 0.009722
0 0.529167 0.836111 0.007292 0.009722
0 0.532292 0.862500 0.007292 0.009722
0 0.457292 0.775000 0.007292 0.009722
0 0.506250 0.894444 0.007292 0.009722
0 0.389583 0.961111 0.007292 0.009722
0 0.379167 0.901389 0.007292 0.009722
0 0.360417 0.848611 0.007292 0.009722
0 0.357292 0.784722 0.007292 0.009722
0 0.382292 0.829167 0.007292 0.009722
0 0.325000 0.813889 0.007292 0.009722
0 0.352083 0.683333 0.007292 0.009722
0 0.248958 0.686111 0.007292 0.009722
0 0.173958 0.676389 0.007292 0.009722
0 0.203125 0.750000 0.007292 0.009722
0 0.242708 0.845833 0.007292 0.009722
0 0.304167 0.866667 0.007292 0.009722
0 0.265625 0.905556 0.007292 0.009722
0 0.189583 0.947222 0.007292 0.009722
0 0.209375 0.893056 0.007292 0.009722
0 0.138542 0.931944 0.007292 0.009722
0 0.133333 0.840278 0.007292 0.009722
0 0.756250 0.075000 0.007292 0.009722
0 0.835417 0.116667 0.007292 0.009722
0 0.816667 0.123611 0.007292 0.009722
0 0.808333 0.170833 0.007292 0.009722
0 0.692708 0.183333 0.007292 0.009722
0 0.681250 0.098611 0.007292 0.009722
0 0.683333 0.256944 0.007292 0.009722
0 0.640625 0.311111 0.007292 0.009722
0 0.664583 0.413889 0.007292 0.009722
0 0.704167 0.320833 0.007292 0.009722
0 0.712500 0.273611 0.007292 0.009722
0 0.743750 0.268056 0.007292 0.009722
0 0.765625 0.316667 0.007292 0.009722
0 0.759375 0.337500 0.007292 0.009722
0 0.723958 0.361111 0.007292 0.009722
0 0.828125 0.373611 0.007292 0.009722
0 0.723958 0.418056 0.007292 0.009722
0 0.713542 0.409722 0.007292 0.009722
0 0.690625 0.498611 0.007292 0.009722
0 0.668750 0.543056 0.007292 0.009722
0 0.663542 0.550000 0.007292 0.009722
0 0.683333 0.547222 0.007292 0.009722
0 0.777083 0.515278 0.007292 0.009722
0 0.810417 0.512500 0.007292 0.009722
0 0.832292 0.511111 0.007292 0.009722
0 0.737500 0.450000 0.007292 0.009722
0 0.676042 0.680556 0.007292 0.009722
0 0.697917 0.726389 0.007292 0.009722
0 0.748958 0.620833 0.007292 0.009722
0 0.812500 0.673611 0.007292 0.009722
0 0.835417 0.675000 0.007292 0.009722
0 0.801042 0.776389 0.007292 0.009722
0 0.796875 0.793056 0.007292 0.009722
0 0.671875 0.780556 0.007292 0.009722
0 0.682292 0.751389 0.007292 0.009722
0 0.696875 0.822222 0.007292 0.009722
0 0.711458 0.812500 0.007292 0.009722
0 0.720833 0.833333 0.007292 0.009722
0 0.700000 0.866667 0.007292 0.009722
0 0.680208 0.852778 0.007292 0.009722
0 0.682292 0.872222 0.007292 0.009722
0 0.726042 0.916667 0.007292 0.009722
0 0.707292 0.966667 0.007292 0.009722
0 0.736458 0.963889 0.007292 0.009722
0 0.800000 0.906944 0.007292 0.009722
0 0.789583 0.947222 0.007292 0.009722
0 0.812500 0.833333 0.007292 0.009722
0 0.821875 0.855556 0.007292 0.009722