0 0.208854 0.129167 0.007292 0.009722
0 0.278646 0.125000 0.007292 0.009722
0 0.360938 0.025000 0.007292 0.009722
0 0.450521 0.163889 0.007292 0.009722
0 0.391146 0.219444 0.007292 0.009722
0 0.394271 0.191667 0.007292 0.009722
0 0.281771 0.334722 0.007292 0.009722
0 0.357812 0.316667 0.007292 0.009722
0 0.363021 0.326389 0.007292 0.009722
0 0.370312 0.325000 0.007292 0.009722
0 0.356771 0.361111 0.007292 0.009722
0 0.408854 0.398611 0.007292 0.009722
0 0.260937 0.366667 0.007292 0.009722
0 0.194271 0.359722 0.007292 0.009722
0 0.179688 0.301389 0.007292 0.009722
0 0.173437 0.230556 0.007292 0.009722
0 0.483854 0.172222 0.007292 0.009722
0 0.554688 0.019444 0.007292 0.009722
0 0.541146 0.237500 0.007292 0.009722
0 0.550521 0.227778 0.007292 0.009722
0 0.618229 0.152778 0.007292 0.009722
0 0.654687 0.159722 0.007292 0.009722
0 0.627604 0.320833 0.007292 0.009722
0 0.493229 0.400000 0.007292 0.009722
0 0.553646 0.470833 0.007292 0.009722
0 0.630729 0.484722 0.007292 0.009722
0 0.639062 0.418056 0.007292 0.009722
0 0.676562 0.500000 0.007292 0.009722
0 0.661979 0.584722 0.007292 0.009722
0 0.655729 0.619444 0.007292 0.009722
0 0.509896 0.584722 0.007292 0.009722
0 0.440104 0.584722 0.007292 0.009722
0 0.376563 0.588889 0.007292 0.009722
0 0.379688 0.491667 0.007292 0.009722
0 0.328646 0.462500 0.007292 0.009722
0 0.276562 0.472222 0.007292 0.009722
0 0.291146 0.538889 0.007292 0.009722
0 0.282813 0.551389 0.007292 0.009722
0 0.271354 0.580556 0.007292 0.009722
0 0.269271 0.627778 0.007292 0.009722
0 0.176563 0.631944 0.007292 0.009722
0 0.182812 0.576389 0.007292 0.009722
0 0.166146 0.559722 0.007292 0.009722
0 0.201563 0.515278 0.007292 0.009722
0 0.499479 0.677778 0.007292 0.009722
0 0.525521 0.693056 0.007292 0.009722
0 0.608854 0.673611 0.007292 0.009722
0 0.689063 0.673611 0.007292 0.009722
0 0.664062 0.752778 0.007292 0.009722
0 0.613021 0.793056 0.007292 0.009722
0 0.625521 0.813889 0.007292 0.009722
0 0.681771 0.841667 0.007292 0.009722
0 0.695312 0.840278 0.007292 0.009722
0 0.673438 0.873611 0.007292 0.009722
0 0.532813 0.908333 0.007292 0.009722
0 0.564063 0.891667 0.007292 0.009722
0 0.526563 0.877778 0.007292 0.009722
0 0.509896 0.866667 0.007292 0.009722
0 0.439063 0.801389 0.007292 0.009722
0 0.420312 0.808333 0.007292 0.009722
0 0.408854 0.886111 0.007292 0.009722
0 0.378646 0.841667 0.007292 0.009722
0 0.370312 0.862500 0.007292 0.009722
0 0.359896 0.744444 0.007292 0.009722
0 0.322396 0.761111 0.007292 0.009722
0 0.248438 0.723611 0.007292 0.009722
0 0.259896 0.794444 0.007292 0.009722
0 0.282813 0.818056 0.007292 0.009722
0 0.333854 0.829167 0.007292 0.009722
0 0.303646 0.931944 0.007292 0.009722
0 0.227604 0.888889 0.007292 0.009722
0 0.198437 0.912500 0.007292 0.009722
0 0.172396 0.940278 0.007292 0.009722
0 0.336979 0.579167 0.007292 0.009722
0 0.708333 0.077778 0.007292 0.009722
0 0.716667 0.061111 0.007292 0.009722
0 0.733333 0.077778 0.007292 0.009722
0 0.775000 0.048611 0.007292 0.009722
0 0.843750 0.194444 0.007292 0.009722
0 0.782292 0.295833 0.007292 0.009722
0 0.751042 0.300000 0.007292 0.009722
0 0.810417 0.369444 0.007292 0.009722
0 0.853125 0.525000 0.007292 0.009722
0 0.813542 0.605556 0.007292 0.009722
0 0.775000 0.487500 0.007292 0.009722
0 0.723958 0.540278 0.007292 0.009722
0 0.752083 0.811111 0.007292 0.009722
0 0.778125 0.822222 0.007292 0.009722
0 0.810417 0.826389 0.007292 0.009722
0 0.845833 0.883333 0.007292 0.009722
0 0.608333 0.937500 0.007292 0.009722