0 0.308333 0.051389 0.007292 0.009722
0 0.342708 0.166667 0.007292 0.009722
0 0.189583 0.226389 0.007292 0.009722
0 0.184375 0.383333 0.007292 0.009722
0 0.667708 0.048611 0.007292 0.009722
0 0.564583 0.140278 0.007292 0.009722
0 0.517708 0.459722 0.007292 0.009722
0 0.526042 0.475000 0.007292 0.009722
0 0.675000 0.516667 0.007292 0.009722
0 0.822917 0.434722 0.007292 0.009722
0 0.619792 0.654167 0.007292 0.009722
0 0.703125 0.741667 0.007292 0.009722
0 0.851042 0.793056 0.007292 0.009722
0 0.687500 0.879167 0.007292 0.009722
0 0.414583 0.716667 0.007292 0.009722
0 0.431250 0.730556 0.007292 0.009722
0 0.184375 0.568056 0.007292 0.009722