0 0.381250 0.409028 0.007292 0.009722
0 0.299479 0.405556 0.007292 0.009722
0 0.279687 0.405556 0.007292 0.009722
0 0.429688 0.502778 0.007292 0.009722
0 0.420833 0.781250 0.007292 0.009722
0 0.485417 0.781944 0.007292 0.009722
0 0.264062 0.750694 0.007292 0.009722
0 0.179167 0.806250 0.007292 0.009722
0 0.185417 0.806944 0.007292 0.009722
0 0.176563 0.845833 0.007292 0.009722
0 0.366667 0.820833 0.007292 0.009722
0 0.856771 0.086111 0.007292 0.009722
0 0.683854 0.337500 0.007292 0.009722
0 0.650521 0.312500 0.007292 0.009722
0 0.807292 0.338889 0.007292 0.009722
0 0.566146 0.482639 0.007292 0.009722
0 0.636458 0.840278 0.007292 0.009722
0 0.789062 0.970139 0.007292 0.009722