0 0.820833 0.044444 0.007292 0.009722
0 0.707292 0.120833 0.007292 0.009722
0 0.695833 0.109722 0.007292 0.009722
0 0.735417 0.140278 0.007292 0.009722
0 0.623958 0.173611 0.007292 0.009722
0 0.450000 0.136111 0.007292 0.009722
0 0.373958 0.077778 0.007292 0.009722
0 0.310417 0.056944 0.007292 0.009722
0 0.159375 0.063889 0.007292 0.009722
0 0.276042 0.212500 0.007292 0.009722
0 0.193750 0.356944 0.007292 0.009722
0 0.141667 0.355556 0.007292 0.009722
0 0.158333 0.272222 0.007292 0.009722
0 0.281250 0.369444 0.007292 0.009722
0 0.362500 0.301389 0.007292 0.009722
0 0.456250 0.275000 0.007292 0.009722
0 0.489583 0.241667 0.007292 0.009722
0 0.534375 0.380556 0.007292 0.009722
0 0.575000 0.347222 0.007292 0.009722
0 0.603125 0.411111 0.007292 0.009722
0 0.664583 0.270833 0.007292 0.009722
0 0.633333 0.418056 0.007292 0.009722
0 0.672917 0.351389 0.007292 0.009722
0 0.785417 0.243056 0.007292 0.009722
0 0.836458 0.311111 0.007292 0.009722
0 0.735417 0.461111 0.007292 0.009722
0 0.773958 0.420833 0.007292 0.009722
0 0.772917 0.431944 0.007292 0.009722
0 0.859375 0.400000 0.007292 0.009722
0 0.771875 0.576389 0.007292 0.009722
0 0.687500 0.586111 0.007292 0.009722
0 0.709375 0.597222 0.007292 0.009722
0 0.646875 0.481944 0.007292 0.009722
0 0.571875 0.579167 0.007292 0.009722
0 0.518750 0.555556 0.007292 0.009722
0 0.446875 0.518056 0.007292 0.009722
0 0.352083 0.502778 0.007292 0.009722
0 0.398958 0.437500 0.007292 0.009722
0 0.417708 0.598611 0.007292 0.009722
0 0.380208 0.573611 0.007292 0.009722
0 0.323958 0.613889 0.007292 0.009722
0 0.303125 0.538889 0.007292 0.009722
0 0.250000 0.505556 0.007292 0.009722
0 0.217708 0.529167 0.007292 0.009722
0 0.190625 0.508333 0.007292 0.009722
0 0.162500 0.497222 0.007292 0.009722
0 0.152083 0.511111 0.007292 0.009722
0 0.186458 0.577778 0.007292 0.009722
0 0.220833 0.575000 0.007292 0.009722
0 0.214583 0.584722 0.007292 0.009722
0 0.201042 0.619444 0.007292 0.009722
0 0.322917 0.716667 0.007292 0.009722
0 0.175000 0.786111 0.007292 0.009722
0 0.431250 0.765278 0.007292 0.009722
0 0.459375 0.684722 0.007292 0.009722
0 0.484375 0.781944 0.007292 0.009722
0 0.511458 0.730556 0.007292 0.009722
0 0.527083 0.713889 0.007292 0.009722
0 0.502083 0.791667 0.007292 0.009722
0 0.547917 0.777778 0.007292 0.009722
0 0.687500 0.686111 0.007292 0.009722
0 0.718750 0.647222 0.007292 0.009722
0 0.726042 0.623611 0.007292 0.009722
0 0.736458 0.634722 0.007292 0.009722
0 0.758333 0.629167 0.007292 0.009722
0 0.817708 0.647222 0.007292 0.009722
0 0.852083 0.720833 0.007292 0.009722
0 0.765625 0.769444 0.007292 0.009722
0 0.804167 0.813889 0.007292 0.009722
0 0.709375 0.831944 0.007292 0.009722
0 0.570833 0.818056 0.007292 0.009722
0 0.526042 0.848611 0.007292 0.009722
0 0.501042 0.823611 0.007292 0.009722
0 0.496875 0.856944 0.007292 0.009722
0 0.457292 0.838889 0.007292 0.009722
0 0.496875 0.858333 0.007292 0.009722
0 0.447917 0.888889 0.007292 0.009722
0 0.330208 0.875000 0.007292 0.009722
0 0.347917 0.919444 0.007292 0.009722
0 0.325000 0.947222 0.007292 0.009722
0 0.493750 0.981944 0.007292 0.009722
0 0.560417 0.980556 0.007292 0.009722
0 0.614583 0.979167 0.007292 0.009722
0 0.739583 0.936111 0.007292 0.009722
0 0.848958 0.976389 0.007292 0.009722