0 0.802083 0.031944 0.007292 0.009722
0 0.855208 0.036111 0.007292 0.009722
0 0.797917 0.075000 0.007292 0.009722
0 0.822917 0.125000 0.007292 0.009722
0 0.852083 0.141667 0.007292 0.009722
0 0.867708 0.168056 0.007292 0.009722
0 0.656250 0.091667 0.007292 0.009722
0 0.576042 0.088889 0.007292 0.009722
0 0.531250 0.154167 0.007292 0.009722
0 0.575000 0.152778 0.007292 0.009722
0 0.467708 0.115278 0.007292 0.009722
0 0.423958 0.072222 0.007292 0.009722
0 0.426042 0.123611 0.007292 0.009722
0 0.368750 0.190278 0.007292 0.009722
0 0.386458 0.230556 0.007292 0.009722
0 0.304167 0.208333 0.007292 0.009722
0 0.322917 0.056944 0.007292 0.009722
0 0.307292 0.029167 0.007292 0.009722
0 0.253125 0.084722 0.007292 0.009722
0 0.226042 0.068056 0.007292 0.009722
0 0.215625 0.104167 0.007292 0.009722
0 0.241667 0.145833 0.007292 0.009722
0 0.201042 0.231944 0.007292 0.009722
0 0.214583 0.241667 0.007292 0.009722
0 0.154167 0.318056 0.007292 0.009722
0 0.159375 0.368056 0.007292 0.009722
0 0.198958 0.370833 0.007292 0.009722
0 0.207292 0.411111 0.007292 0.009722
0 0.202083 0.440278 0.007292 0.009722
0 0.153125 0.472222 0.007292 0.009722
0 0.219792 0.513889 0.007292 0.009722
0 0.223958 0.575000 0.007292 0.009722
0 0.351042 0.509722 0.007292 0.009722
0 0.419792 0.529167 0.007292 0.009722
0 0.516667 0.508333 0.007292 0.009722
0 0.552083 0.554167 0.007292 0.009722
0 0.578125 0.593056 0.007292 0.009722
0 0.615625 0.594444 0.007292 0.009722
0 0.670833 0.616667 0.007292 0.009722
0 0.569792 0.613889 0.007292 0.009722
0 0.803125 0.586111 0.007292 0.009722
0 0.791667 0.615278 0.007292 0.009722
0 0.793750 0.520833 0.007292 0.009722
0 0.812500 0.505556 0.007292 0.009722
0 0.792708 0.419444 0.007292 0.009722
0 0.829167 0.436111 0.007292 0.009722
0 0.733333 0.372222 0.007292 0.009722
0 0.765625 0.325000 0.007292 0.009722
0 0.804167 0.329167 0.007292 0.009722
0 0.838542 0.312500 0.007292 0.009722
0 0.848958 0.276389 0.007292 0.009722
0 0.733333 0.255556 0.007292 0.009722
0 0.717708 0.270833 0.007292 0.009722
0 0.628125 0.268056 0.007292 0.009722
0 0.651042 0.288889 0.007292 0.009722
0 0.625000 0.298611 0.007292 0.009722
0 0.762500 0.665278 0.007292 0.009722
0 0.837500 0.676389 0.007292 0.009722
0 0.722917 0.719444 0.007292 0.009722
0 0.677083 0.737500 0.007292 0.009722
0 0.622917 0.725000 0.007292 0.009722
0 0.613542 0.723611 0.007292 0.009722
0 0.702083 0.755556 0.007292 0.009722
0 0.607292 0.643056 0.007292 0.009722
0 0.507292 0.775000 0.007292 0.009722
0 0.408333 0.740278 0.007292 0.009722
0 0.233333 0.650000 0.007292 0.009722
0 0.211458 0.723611 0.007292 0.009722
0 0.160417 0.705556 0.007292 0.009722
0 0.208333 0.854167 0.007292 0.009722
0 0.163542 0.901389 0.007292 0.009722
0 0.302083 0.973611 0.007292 0.009722
0 0.350000 0.916667 0.007292 0.009722
0 0.425000 0.825000 0.007292 0.009722
0 0.443750 0.968056 0.007292 0.009722
0 0.471875 0.962500 0.007292 0.009722
0 0.555208 0.829167 0.007292 0.009722
0 0.670833 0.850000 0.007292 0.009722
0 0.717708 0.877778 0.007292 0.009722
0 0.753125 0.922222 0.007292 0.009722
0 0.700000 0.934722 0.007292 0.009722
0 0.788542 0.794444 0.007292 0.009722
0 0.826042 0.850000 0.007292 0.009722
0 0.863542 0.941667 0.007292 0.009722