0 0.239583 0.155556 0.007292 0.009722
0 0.283333 0.163889 0.007292 0.009722
0 0.395833 0.180556 0.007292 0.009722
0 0.519792 0.140278 0.007292 0.009722
0 0.628125 0.168056 0.007292 0.009722
0 0.788542 0.143056 0.007292 0.009722
0 0.784375 0.045833 0.007292 0.009722
0 0.677083 0.311111 0.007292 0.009722
0 0.828125 0.358333 0.007292 0.009722
0 0.818750 0.540278 0.007292 0.009722
0 0.379167 0.384722 0.007292 0.009722
0 0.396875 0.405556 0.007292 0.009722
0 0.387500 0.469444 0.007292 0.009722
0 0.413542 0.552778 0.007292 0.009722
0 0.376042 0.570833 0.007292 0.009722
0 0.301042 0.587500 0.007292 0.009722
0 0.254167 0.591667 0.007292 0.009722
0 0.193750 0.568056 0.007292 0.009722
0 0.441667 0.726389 0.007292 0.009722
0 0.683333 0.730556 0.007292 0.009722
0 0.630208 0.815278 0.007292 0.009722
0 0.405208 0.901389 0.007292 0.009722
0 0.398958 0.898611 0.007292 0.009722
0 0.230208 0.908333 0.007292 0.009722
0 0.144792 0.916667 0.007292 0.009722