0 0.228125 0.090278 0.007292 0.009722
0 0.180208 0.118056 0.007292 0.009722
0 0.407292 0.141667 0.007292 0.009722
0 0.475000 0.095833 0.007292 0.009722
0 0.434375 0.052778 0.007292 0.009722
0 0.217708 0.254167 0.007292 0.009722
0 0.358333 0.302778 0.007292 0.009722
0 0.336458 0.320833 0.007292 0.009722
0 0.317708 0.377778 0.007292 0.009722
0 0.351042 0.547222 0.007292 0.009722
0 0.345833 0.629167 0.007292 0.009722
0 0.307292 0.608333 0.007292 0.009722
0 0.222917 0.595833 0.007292 0.009722
0 0.204167 0.475000 0.007292 0.009722
0 0.507292 0.212500 0.007292 0.009722
0 0.543750 0.638889 0.007292 0.009722
0 0.564583 0.598611 0.007292 0.009722
0 0.627083 0.634722 0.007292 0.009722
0 0.631250 0.554167 0.007292 0.009722
0 0.655208 0.502778 0.007292 0.009722
0 0.620833 0.465278 0.007292 0.009722
0 0.593750 0.473611 0.007292 0.009722
0 0.682292 0.595833 0.007292 0.009722
0 0.335417 0.925000 0.007292 0.009722
0 0.497917 0.819444 0.007292 0.009722
0 0.808333 0.077778 0.007292 0.009722
0 0.832292 0.138889 0.007292 0.009722
0 0.831250 0.200000 0.007292 0.009722
0 0.830208 0.230556 0.007292 0.009722
0 0.777083 0.220833 0.007292 0.009722
0 0.896875 0.504167 0.007292 0.009722
0 0.746875 0.631944 0.007292 0.009722
0 0.804167 0.908333 0.007292 0.009722