0 0.335938 0.170139 0.007292 0.009722
0 0.205729 0.213889 0.007292 0.009722
0 0.367188 0.067361 0.007292 0.009722
0 0.433854 0.170833 0.007292 0.009722
0 0.366146 0.309722 0.007292 0.009722
0 0.269792 0.345139 0.007292 0.009722
0 0.378646 0.301389 0.007292 0.009722
0 0.350521 0.402083 0.007292 0.009722
0 0.258854 0.402083 0.007292 0.009722
0 0.155208 0.388889 0.007292 0.009722
0 0.369271 0.566667 0.007292 0.009722
0 0.340104 0.650694 0.007292 0.009722
0 0.244271 0.602778 0.007292 0.009722
0 0.379688 0.770139 0.007292 0.009722
0 0.417708 0.866667 0.007292 0.009722
0 0.581250 0.083333 0.007292 0.009722
0 0.719792 0.120833 0.007292 0.009722
0 0.545833 0.463194 0.007292 0.009722
0 0.511458 0.600694 0.007292 0.009722
0 0.591667 0.667361 0.007292 0.009722
0 0.604167 0.674306 0.007292 0.009722
0 0.560417 0.728472 0.007292 0.009722
0 0.456250 0.750694 0.007292 0.009722
0 0.698958 0.956944 0.007292 0.009722
0 0.767708 0.918056 0.007292 0.009722
0 0.641667 0.911111 0.007292 0.009722
0 0.848437 0.225000 0.007292 0.009722