0 0.678125 0.137500 0.007292 0.009722
0 0.622917 0.136111 0.007292 0.009722
0 0.472917 0.086111 0.007292 0.009722
0 0.270833 0.020833 0.007292 0.009722
0 0.145833 0.063889 0.007292 0.009722
0 0.110417 0.212500 0.007292 0.009722
0 0.248958 0.251389 0.007292 0.009722
0 0.490625 0.363889 0.007292 0.009722
0 0.786458 0.373611 0.007292 0.009722
0 0.232292 0.558333 0.007292 0.009722
0 0.110417 0.652778 0.007292 0.009722
0 0.239583 0.683333 0.007292 0.009722
0 0.419792 0.956944 0.007292 0.009722
0 0.247917 0.852778 0.007292 0.009722
0 0.216667 0.823611 0.007292 0.009722