0 0.259375 0.051389 0.007292 0.009722
0 0.167708 0.148611 0.007292 0.009722
0 0.162500 0.184722 0.007292 0.009722
0 0.403125 0.027778 0.007292 0.009722
0 0.540625 0.086111 0.007292 0.009722
0 0.564583 0.125000 0.007292 0.009722
0 0.637500 0.044444 0.007292 0.009722
0 0.640625 0.018056 0.007292 0.009722
0 0.686458 0.019444 0.007292 0.009722
0 0.600000 0.201389 0.007292 0.009722
0 0.669792 0.144444 0.007292 0.009722
0 0.697917 0.173611 0.007292 0.009722
0 0.863542 0.147222 0.007292 0.009722
0 0.826042 0.202778 0.007292 0.009722
0 0.847917 0.288889 0.007292 0.009722
0 0.790625 0.283333 0.007292 0.009722
0 0.813542 0.350000 0.007292 0.009722
0 0.852083 0.387500 0.007292 0.009722
0 0.656250 0.302778 0.007292 0.009722
0 0.622917 0.297222 0.007292 0.009722
0 0.657292 0.341667 0.007292 0.009722
0 0.598958 0.372222 0.007292 0.009722
0 0.535417 0.241667 0.007292 0.009722
0 0.430208 0.233333 0.007292 0.009722
0 0.401042 0.200000 0.007292 0.009722
0 0.337500 0.198611 0.007292 0.009722
0 0.303125 0.216667 0.007292 0.009722
0 0.285417 0.213889 0.007292 0.009722
0 0.313542 0.162500 0.007292 0.009722
0 0.315625 0.250000 0.007292 0.009722
0 0.254167 0.244444 0.007292 0.009722
0 0.201042 0.273611 0.007292 0.009722
0 0.245833 0.345833 0.007292 0.009722
0 0.354167 0.266667 0.007292 0.009722
0 0.358333 0.279167 0.007292 0.009722
0 0.421875 0.320833 0.007292 0.009722
0 0.442708 0.320833 0.007292 0.009722
0 0.537500 0.345833 0.007292 0.009722
0 0.185417 0.501389 0.007292 0.009722
0 0.221875 0.575000 0.007292 0.009722
0 0.369792 0.559722 0.007292 0.009722
0 0.501042 0.500000 0.007292 0.009722
0 0.517708 0.469444 0.007292 0.009722
0 0.576042 0.502778 0.007292 0.009722
0 0.525000 0.584722 0.007292 0.009722
0 0.522917 0.552778 0.007292 0.009722
0 0.622917 0.558333 0.007292 0.009722
0 0.636458 0.538889 0.007292 0.009722
0 0.652083 0.572222 0.007292 0.009722
0 0.803125 0.506944 0.007292 0.009722
0 0.839583 0.695833 0.007292 0.009722
0 0.643750 0.616667 0.007292 0.009722
0 0.643750 0.658333 0.007292 0.009722
0 0.542708 0.629167 0.007292 0.009722
0 0.544792 0.656944 0.007292 0.009722
0 0.562500 0.759722 0.007292 0.009722
0 0.422917 0.670833 0.007292 0.009722
0 0.445833 0.606944 0.007292 0.009722
0 0.372917 0.755556 0.007292 0.009722
0 0.236458 0.650000 0.007292 0.009722
0 0.221875 0.775000 0.007292 0.009722
0 0.235417 0.865278 0.007292 0.009722
0 0.268750 0.862500 0.007292 0.009722
0 0.269792 0.879167 0.007292 0.009722
0 0.354167 0.866667 0.007292 0.009722
0 0.419792 0.884722 0.007292 0.009722
0 0.444792 0.787500 0.007292 0.009722
0 0.540625 0.863889 0.007292 0.009722
0 0.591667 0.879167 0.007292 0.009722
0 0.646875 0.861111 0.007292 0.009722
0 0.700000 0.937500 0.007292 0.009722
0 0.733333 0.880556 0.007292 0.009722
0 0.707292 0.818056 0.007292 0.009722