0 0.751042 0.102778 0.007292 0.009722
0 0.690625 0.181944 0.007292 0.009722
0 0.507292 0.115278 0.007292 0.009722
0 0.518750 0.127778 0.007292 0.009722
0 0.291667 0.261111 0.007292 0.009722
0 0.276042 0.381944 0.007292 0.009722
0 0.217708 0.406944 0.007292 0.009722
0 0.398958 0.359722 0.007292 0.009722
0 0.419792 0.376389 0.007292 0.009722
0 0.448958 0.356944 0.007292 0.009722
0 0.504167 0.262500 0.007292 0.009722
0 0.578125 0.341667 0.007292 0.009722
0 0.711458 0.358333 0.007292 0.009722
0 0.785417 0.330556 0.007292 0.009722
0 0.840625 0.237500 0.007292 0.009722
0 0.791667 0.451389 0.007292 0.009722
0 0.688542 0.420833 0.007292 0.009722
0 0.684375 0.594444 0.007292 0.009722
0 0.330208 0.456944 0.007292 0.009722
0 0.215625 0.609722 0.007292 0.009722
0 0.235417 0.638889 0.007292 0.009722
0 0.345833 0.718056 0.007292 0.009722
0 0.391667 0.734722 0.007292 0.009722
0 0.459375 0.755556 0.007292 0.009722
0 0.536458 0.613889 0.007292 0.009722
0 0.767708 0.741667 0.007292 0.009722
0 0.836458 0.629167 0.007292 0.009722
0 0.801042 0.859722 0.007292 0.009722
0 0.797917 0.870833 0.007292 0.009722
0 0.685417 0.862500 0.007292 0.009722
0 0.547917 0.811111 0.007292 0.009722
0 0.518750 0.943056 0.007292 0.009722
0 0.436458 0.929167 0.007292 0.009722
0 0.475000 0.843056 0.007292 0.009722
0 0.382292 0.883333 0.007292 0.009722