0 0.832292 0.204167 0.007292 0.009722
0 0.838021 0.460417 0.007292 0.009722
0 0.710938 0.456250 0.007292 0.009722
0 0.834896 0.610417 0.007292 0.009722
0 0.571875 0.648611 0.007292 0.009722
0 0.548438 0.570833 0.007292 0.009722
0 0.528646 0.568750 0.007292 0.009722
0 0.586979 0.808333 0.007292 0.009722
0 0.759896 0.821528 0.007292 0.009722
0 0.856771 0.836111 0.007292 0.009722
0 0.661458 0.936111 0.007292 0.009722
0 0.229167 0.286111 0.007292 0.009722
0 0.208333 0.456944 0.007292 0.009722
0 0.471875 0.531250 0.007292 0.009722
0 0.325000 0.677778 0.007292 0.009722
0 0.242708 0.858333 0.007292 0.009722