0 0.278125 0.043056 0.007292 0.009722
0 0.297917 0.084722 0.007292 0.009722
0 0.229167 0.206944 0.007292 0.009722
0 0.296875 0.226389 0.007292 0.009722
0 0.537500 0.126389 0.007292 0.009722
0 0.642708 0.077778 0.007292 0.009722
0 0.717708 0.075000 0.007292 0.009722
0 0.702083 0.119444 0.007292 0.009722
0 0.623958 0.177778 0.007292 0.009722
0 0.791667 0.130556 0.007292 0.009722
0 0.850000 0.050000 0.007292 0.009722
0 0.370833 0.338889 0.007292 0.009722
0 0.301042 0.348611 0.007292 0.009722
0 0.361458 0.372222 0.007292 0.009722
0 0.400000 0.427778 0.007292 0.009722
0 0.458333 0.358333 0.007292 0.009722
0 0.412500 0.331944 0.007292 0.009722
0 0.639583 0.343056 0.007292 0.009722
0 0.670833 0.413889 0.007292 0.009722
0 0.660417 0.401389 0.007292 0.009722
0 0.420833 0.488889 0.007292 0.009722
0 0.252083 0.443056 0.007292 0.009722
0 0.221875 0.512500 0.007292 0.009722
0 0.272917 0.590278 0.007292 0.009722
0 0.612500 0.468056 0.007292 0.009722
0 0.583333 0.480556 0.007292 0.009722
0 0.636458 0.526389 0.007292 0.009722
0 0.714583 0.587500 0.007292 0.009722
0 0.742708 0.616667 0.007292 0.009722
0 0.801042 0.550000 0.007292 0.009722
0 0.873958 0.540278 0.007292 0.009722
0 0.738542 0.644444 0.007292 0.009722
0 0.773958 0.701389 0.007292 0.009722
0 0.847917 0.734722 0.007292 0.009722
0 0.811458 0.812500 0.007292 0.009722
0 0.704167 0.755556 0.007292 0.009722
0 0.688542 0.663889 0.007292 0.009722
0 0.696875 0.661111 0.007292 0.009722
0 0.677083 0.793056 0.007292 0.009722
0 0.639583 0.793056 0.007292 0.009722
0 0.531250 0.797222 0.007292 0.009722
0 0.468750 0.816667 0.007292 0.009722
0 0.346875 0.744444 0.007292 0.009722
0 0.556250 0.680556 0.007292 0.009722
0 0.375000 0.809722 0.007292 0.009722
0 0.371875 0.802778 0.007292 0.009722
0 0.397917 0.834722 0.007292 0.009722
0 0.429167 0.850000 0.007292 0.009722
0 0.400000 0.983333 0.007292 0.009722
0 0.308333 0.901389 0.007292 0.009722
0 0.296875 0.844444 0.007292 0.009722
0 0.283333 0.879167 0.007292 0.009722
0 0.256250 0.837500 0.007292 0.009722
0 0.188542 0.816667 0.007292 0.009722
0 0.198958 0.861111 0.007292 0.009722
0 0.501042 0.979167 0.007292 0.009722
0 0.596875 0.965278 0.007292 0.009722
0 0.583333 0.854167 0.007292 0.009722
0 0.665625 0.945833 0.007292 0.009722
0 0.662500 0.958333 0.007292 0.009722
0 0.669792 0.956944 0.007292 0.009722
0 0.703125 0.943056 0.007292 0.009722
0 0.736458 0.984722 0.007292 0.009722
0 0.741667 0.990278 0.007292 0.009722
0 0.835417 0.951389 0.007292 0.009722
0 0.852083 0.931944 0.007292 0.009722
0 0.878125 0.898611 0.007292 0.009722