0 0.207292 0.112500 0.007292 0.009722
0 0.379167 0.119444 0.007292 0.009722
0 0.346875 0.062500 0.007292 0.009722
0 0.405208 0.093056 0.007292 0.009722
0 0.315625 0.212500 0.007292 0.009722
0 0.548958 0.201389 0.007292 0.009722
0 0.818750 0.227778 0.007292 0.009722
0 0.793750 0.238889 0.007292 0.009722
0 0.772917 0.301389 0.007292 0.009722
0 0.496875 0.287500 0.007292 0.009722
0 0.416667 0.265278 0.007292 0.009722
0 0.423958 0.297222 0.007292 0.009722
0 0.386458 0.270833 0.007292 0.009722
0 0.250000 0.393056 0.007292 0.009722
0 0.197917 0.422222 0.007292 0.009722
0 0.279167 0.397222 0.007292 0.009722
0 0.265625 0.509722 0.007292 0.009722
0 0.289583 0.551389 0.007292 0.009722
0 0.386458 0.516667 0.007292 0.009722
0 0.362500 0.500000 0.007292 0.009722
0 0.400000 0.463889 0.007292 0.009722
0 0.514583 0.423611 0.007292 0.009722
0 0.612500 0.591667 0.007292 0.009722
0 0.504167 0.594444 0.007292 0.009722
0 0.821875 0.691667 0.007292 0.009722
0 0.675000 0.634722 0.007292 0.009722
0 0.567708 0.697222 0.007292 0.009722
0 0.692708 0.668056 0.007292 0.009722
0 0.635417 0.665278 0.007292 0.009722
0 0.597917 0.706944 0.007292 0.009722
0 0.548958 0.730556 0.007292 0.009722
0 0.447917 0.679167 0.007292 0.009722
0 0.398958 0.720833 0.007292 0.009722
0 0.315625 0.788889 0.007292 0.009722
0 0.193750 0.672222 0.007292 0.009722
0 0.254167 0.681944 0.007292 0.009722
0 0.292708 0.883333 0.007292 0.009722
0 0.329167 0.911111 0.007292 0.009722
0 0.371875 0.901389 0.007292 0.009722
0 0.381250 0.911111 0.007292 0.009722
0 0.519792 0.822222 0.007292 0.009722
0 0.571875 0.823611 0.007292 0.009722
0 0.647917 0.813889 0.007292 0.009722
0 0.663542 0.905556 0.007292 0.009722
0 0.636458 0.937500 0.007292 0.009722
0 0.745833 0.769444 0.007292 0.009722
0 0.826042 0.820833 0.007292 0.009722
0 0.772917 0.627778 0.007292 0.009722