0 0.279167 0.040278 0.007292 0.009722
0 0.365625 0.108333 0.007292 0.009722
0 0.132292 0.231944 0.007292 0.009722
0 0.482292 0.075000 0.007292 0.009722
0 0.528125 0.077778 0.007292 0.009722
0 0.586458 0.059722 0.007292 0.009722
0 0.587500 0.212500 0.007292 0.009722
0 0.688542 0.183333 0.007292 0.009722
0 0.744792 0.105556 0.007292 0.009722
0 0.752083 0.213889 0.007292 0.009722
0 0.821875 0.156944 0.007292 0.009722
0 0.825000 0.119444 0.007292 0.009722
0 0.786458 0.197222 0.007292 0.009722
0 0.833333 0.200000 0.007292 0.009722
0 0.766667 0.400000 0.007292 0.009722
0 0.722917 0.273611 0.007292 0.009722
0 0.636458 0.251389 0.007292 0.009722
0 0.654167 0.288889 0.007292 0.009722
0 0.646875 0.336111 0.007292 0.009722
0 0.625000 0.338889 0.007292 0.009722
0 0.559375 0.255556 0.007292 0.009722
0 0.757292 0.434722 0.007292 0.009722
0 0.748958 0.429167 0.007292 0.009722
0 0.545833 0.443056 0.007292 0.009722
0 0.360417 0.254167 0.007292 0.009722
0 0.327083 0.280556 0.007292 0.009722
0 0.232292 0.252778 0.007292 0.009722
0 0.128125 0.337500 0.007292 0.009722
0 0.125000 0.398611 0.007292 0.009722
0 0.168750 0.375000 0.007292 0.009722
0 0.182292 0.461111 0.007292 0.009722
0 0.163542 0.600000 0.007292 0.009722
0 0.296875 0.504167 0.007292 0.009722
0 0.370833 0.511111 0.007292 0.009722
0 0.516667 0.493056 0.007292 0.009722
0 0.666667 0.576389 0.007292 0.009722
0 0.758333 0.606944 0.007292 0.009722
0 0.776042 0.612500 0.007292 0.009722
0 0.834375 0.641667 0.007292 0.009722
0 0.722917 0.673611 0.007292 0.009722
0 0.709375 0.702778 0.007292 0.009722
0 0.769792 0.787500 0.007292 0.009722
0 0.606250 0.679167 0.007292 0.009722
0 0.151042 0.681944 0.007292 0.009722
0 0.145833 0.719444 0.007292 0.009722
0 0.143750 0.758333 0.007292 0.009722
0 0.129167 0.668056 0.007292 0.009722
0 0.229167 0.822222 0.007292 0.009722
0 0.189583 0.872222 0.007292 0.009722
0 0.354167 0.823611 0.007292 0.009722
0 0.345833 0.850000 0.007292 0.009722
0 0.394792 0.920833 0.007292 0.009722
0 0.395833 0.973611 0.007292 0.009722
0 0.452083 0.837500 0.007292 0.009722
0 0.460417 0.861111 0.007292 0.009722
0 0.530208 0.981944 0.007292 0.009722
0 0.776042 0.947222 0.007292 0.009722
0 0.587500 0.912500 0.007292 0.009722