0 0.760417 0.054167 0.007292 0.009722
0 0.767708 0.184722 0.007292 0.009722
0 0.517708 0.155556 0.007292 0.009722
0 0.425000 0.172222 0.007292 0.009722
0 0.322917 0.056944 0.007292 0.009722
0 0.178125 0.081944 0.007292 0.009722
0 0.196875 0.019444 0.007292 0.009722
0 0.195833 0.163889 0.007292 0.009722
0 0.130208 0.248611 0.007292 0.009722
0 0.183333 0.301389 0.007292 0.009722
0 0.233333 0.270833 0.007292 0.009722
0 0.262500 0.270833 0.007292 0.009722
0 0.243750 0.351389 0.007292 0.009722
0 0.238542 0.415278 0.007292 0.009722
0 0.189583 0.415278 0.007292 0.009722
0 0.333333 0.401389 0.007292 0.009722
0 0.337500 0.266667 0.007292 0.009722
0 0.605208 0.356944 0.007292 0.009722
0 0.745833 0.338889 0.007292 0.009722
0 0.738542 0.343056 0.007292 0.009722
0 0.804167 0.347222 0.007292 0.009722
0 0.710417 0.466667 0.007292 0.009722
0 0.751042 0.562500 0.007292 0.009722
0 0.793750 0.601389 0.007292 0.009722
0 0.541667 0.493056 0.007292 0.009722
0 0.528125 0.505556 0.007292 0.009722
0 0.130208 0.465278 0.007292 0.009722
0 0.133333 0.584722 0.007292 0.009722
0 0.167708 0.662500 0.007292 0.009722
0 0.202083 0.720833 0.007292 0.009722
0 0.214583 0.705556 0.007292 0.009722
0 0.315625 0.695833 0.007292 0.009722
0 0.340625 0.740278 0.007292 0.009722
0 0.401042 0.634722 0.007292 0.009722
0 0.544792 0.675000 0.007292 0.009722
0 0.571875 0.644444 0.007292 0.009722
0 0.607292 0.644444 0.007292 0.009722
0 0.698958 0.636111 0.007292 0.009722
0 0.677083 0.761111 0.007292 0.009722
0 0.481250 0.772222 0.007292 0.009722
0 0.353125 0.793056 0.007292 0.009722
0 0.157292 0.870833 0.007292 0.009722
0 0.404167 0.940278 0.007292 0.009722
0 0.606250 0.897222 0.007292 0.009722
0 0.636458 0.851389 0.007292 0.009722
0 0.700000 0.969444 0.007292 0.009722