0 0.282292 0.101389 0.007292 0.009722
0 0.255208 0.155556 0.007292 0.009722
0 0.220833 0.209722 0.007292 0.009722
0 0.303125 0.162500 0.007292 0.009722
0 0.508333 0.120833 0.007292 0.009722
0 0.539583 0.098611 0.007292 0.009722
0 0.530208 0.040278 0.007292 0.009722
0 0.498958 0.011111 0.007292 0.009722
0 0.615625 0.106944 0.007292 0.009722
0 0.838542 0.193056 0.007292 0.009722
0 0.848958 0.245833 0.007292 0.009722
0 0.777083 0.391667 0.007292 0.009722
0 0.781250 0.579167 0.007292 0.009722
0 0.513542 0.530556 0.007292 0.009722
0 0.461458 0.268056 0.007292 0.009722
0 0.587500 0.226389 0.007292 0.009722
0 0.238542 0.291667 0.007292 0.009722
0 0.148958 0.306944 0.007292 0.009722
0 0.256250 0.455556 0.007292 0.009722
0 0.271875 0.459722 0.007292 0.009722
0 0.169792 0.543056 0.007292 0.009722
0 0.500000 0.558333 0.007292 0.009722
0 0.852083 0.644444 0.007292 0.009722
0 0.595833 0.688889 0.007292 0.009722
0 0.535417 0.729167 0.007292 0.009722
0 0.363542 0.611111 0.007292 0.009722
0 0.221875 0.668056 0.007292 0.009722
0 0.169792 0.713889 0.007292 0.009722
0 0.237500 0.815278 0.007292 0.009722
0 0.314583 0.841667 0.007292 0.009722
0 0.311458 0.851389 0.007292 0.009722
0 0.366667 0.865278 0.007292 0.009722
0 0.354167 0.948611 0.007292 0.009722
0 0.437500 0.955556 0.007292 0.009722
0 0.473958 0.872222 0.007292 0.009722
0 0.509375 0.823611 0.007292 0.009722