0 0.431250 0.048611 0.007292 0.009722
0 0.489583 0.069444 0.007292 0.009722
0 0.406250 0.100000 0.007292 0.009722
0 0.427083 0.134722 0.007292 0.009722
0 0.331250 0.133333 0.007292 0.009722
0 0.366667 0.129167 0.007292 0.009722
0 0.400000 0.183333 0.007292 0.009722
0 0.592708 0.068056 0.007292 0.009722
0 0.626042 0.101389 0.007292 0.009722
0 0.646875 0.213889 0.007292 0.009722
0 0.238542 0.230556 0.007292 0.009722
0 0.232292 0.244444 0.007292 0.009722
0 0.301042 0.311111 0.007292 0.009722
0 0.432292 0.294444 0.007292 0.009722
0 0.428125 0.325000 0.007292 0.009722
0 0.431250 0.355556 0.007292 0.009722
0 0.544792 0.379167 0.007292 0.009722
0 0.526042 0.387500 0.007292 0.009722
0 0.636458 0.391667 0.007292 0.009722
0 0.665625 0.401389 0.007292 0.009722
0 0.532292 0.455556 0.007292 0.009722
0 0.615625 0.531944 0.007292 0.009722
0 0.437500 0.438889 0.007292 0.009722
0 0.398958 0.440278 0.007292 0.009722
0 0.366667 0.400000 0.007292 0.009722
0 0.310417 0.416667 0.007292 0.009722
0 0.309375 0.447222 0.007292 0.009722
0 0.261458 0.445833 0.007292 0.009722
0 0.254167 0.440278 0.007292 0.009722
0 0.201042 0.409722 0.007292 0.009722
0 0.205208 0.506944 0.007292 0.009722
0 0.212500 0.484722 0.007292 0.009722
0 0.343750 0.527778 0.007292 0.009722
0 0.384375 0.584722 0.007292 0.009722
0 0.401042 0.601389 0.007292 0.009722
0 0.428125 0.594444 0.007292 0.009722
0 0.485417 0.611111 0.007292 0.009722
0 0.451042 0.651389 0.007292 0.009722
0 0.530208 0.655556 0.007292 0.009722
0 0.172917 0.622917 0.007292 0.009722
0 0.171875 0.640972 0.007292 0.009722
0 0.177083 0.650694 0.007292 0.009722
0 0.196875 0.643750 0.007292 0.009722
0 0.205208 0.699306 0.007292 0.009722
0 0.282292 0.766667 0.007292 0.009722
0 0.253125 0.848611 0.007292 0.009722
0 0.301042 0.929167 0.007292 0.009722
0 0.361458 0.809722 0.007292 0.009722
0 0.410417 0.798611 0.007292 0.009722
0 0.407292 0.834722 0.007292 0.009722
0 0.466667 0.847222 0.007292 0.009722
0 0.470833 0.927778 0.007292 0.009722
0 0.501042 0.751389 0.007292 0.009722
0 0.523958 0.745833 0.007292 0.009722
0 0.578125 0.866667 0.007292 0.009722
0 0.566667 0.922222 0.007292 0.009722
0 0.600000 0.870833 0.007292 0.009722
0 0.621875 0.883333 0.007292 0.009722
0 0.621875 0.909722 0.007292 0.009722
0 0.609375 0.929167 0.007292 0.009722
0 0.759375 0.077778 0.007292 0.009722
0 0.665625 0.094444 0.007292 0.009722
0 0.723958 0.191667 0.007292 0.009722
0 0.776042 0.123611 0.007292 0.009722
0 0.789583 0.106944 0.007292 0.009722
0 0.800000 0.136111 0.007292 0.009722
0 0.834375 0.180556 0.007292 0.009722
0 0.807292 0.177778 0.007292 0.009722
0 0.750000 0.240278 0.007292 0.009722
0 0.759375 0.254167 0.007292 0.009722
0 0.790625 0.251389 0.007292 0.009722
0 0.845833 0.258333 0.007292 0.009722
0 0.875000 0.295833 0.007292 0.009722
0 0.768750 0.370833 0.007292 0.009722
0 0.801042 0.383333 0.007292 0.009722
0 0.865625 0.440278 0.007292 0.009722
0 0.879167 0.515278 0.007292 0.009722
0 0.813542 0.498611 0.007292 0.009722
0 0.763542 0.502778 0.007292 0.009722
0 0.866667 0.588889 0.007292 0.009722
0 0.891667 0.617361 0.007292 0.009722
0 0.860417 0.674306 0.007292 0.009722
0 0.784375 0.695139 0.007292 0.009722
0 0.807292 0.789583 0.007292 0.009722
0 0.738542 0.756250 0.007292 0.009722
0 0.698958 0.740972 0.007292 0.009722
0 0.665625 0.745139 0.007292 0.009722
0 0.852083 0.857639 0.007292 0.009722
0 0.732292 0.962500 0.007292 0.009722
0 0.785417 0.976389 0.007292 0.009722
0 0.853125 0.981944 0.007292 0.009722