0 0.198958 0.063889 0.007292 0.009722
0 0.221354 0.192361 0.007292 0.009722
0 0.264583 0.066667 0.007292 0.009722
0 0.345833 0.111111 0.007292 0.009722
0 0.313542 0.200694 0.007292 0.009722
0 0.330208 0.236111 0.007292 0.009722
0 0.376042 0.273611 0.007292 0.009722
0 0.235417 0.220833 0.007292 0.009722
0 0.279687 0.222917 0.007292 0.009722
0 0.206771 0.229167 0.007292 0.009722
0 0.179688 0.238889 0.007292 0.009722
0 0.114583 0.256944 0.007292 0.009722
0 0.158854 0.392361 0.007292 0.009722
0 0.113542 0.418056 0.007292 0.009722
0 0.229167 0.384722 0.007292 0.009722
0 0.315625 0.322917 0.007292 0.009722
0 0.371354 0.381250 0.007292 0.009722
0 0.253125 0.457639 0.007292 0.009722
0 0.358333 0.486806 0.007292 0.009722
0 0.430208 0.515972 0.007292 0.009722
0 0.277083 0.610417 0.007292 0.009722
0 0.221354 0.576389 0.007292 0.009722
0 0.125000 0.729167 0.007292 0.009722
0 0.178125 0.968056 0.007292 0.009722
0 0.217188 0.852778 0.007292 0.009722
0 0.207292 0.900694 0.007292 0.009722
0 0.260417 0.793056 0.007292 0.009722
0 0.298438 0.926389 0.007292 0.009722
0 0.113542 0.939583 0.007292 0.009722
0 0.364583 0.773611 0.007292 0.009722
0 0.327083 0.607639 0.007292 0.009722
0 0.479687 0.167361 0.007292 0.009722
0 0.486979 0.195833 0.007292 0.009722
0 0.527604 0.526389 0.007292 0.009722
0 0.717187 0.461111 0.007292 0.009722
0 0.669271 0.618750 0.007292 0.009722
0 0.690104 0.620139 0.007292 0.009722
0 0.718229 0.610417 0.007292 0.009722
0 0.562500 0.720139 0.007292 0.009722
0 0.517188 0.827778 0.007292 0.009722
0 0.552083 0.876389 0.007292 0.009722
0 0.637500 0.912500 0.007292 0.009722
0 0.660417 0.916667 0.007292 0.009722
0 0.699479 0.851389 0.007292 0.009722
0 0.718229 0.838889 0.007292 0.009722
0 0.627604 0.218056 0.007292 0.009722
0 0.773438 0.134722 0.007292 0.009722
0 0.730729 0.047222 0.007292 0.009722
0 0.827604 0.303472 0.007292 0.009722
0 0.841146 0.306944 0.007292 0.009722
0 0.755729 0.459722 0.007292 0.009722
0 0.800521 0.488194 0.007292 0.009722
0 0.802083 0.555556 0.007292 0.009722
0 0.804688 0.967361 0.007292 0.009722