0 0.546875 0.023611 0.007292 0.009722
0 0.754167 0.034722 0.007292 0.009722
0 0.763542 0.170833 0.007292 0.009722
0 0.744792 0.222222 0.007292 0.009722
0 0.601042 0.218056 0.007292 0.009722
0 0.585417 0.218056 0.007292 0.009722
0 0.553125 0.195833 0.007292 0.009722
0 0.426042 0.136111 0.007292 0.009722
0 0.433333 0.087500 0.007292 0.009722
0 0.248958 0.080556 0.007292 0.009722
0 0.180208 0.301389 0.007292 0.009722
0 0.287500 0.297222 0.007292 0.009722
0 0.300000 0.369444 0.007292 0.009722
0 0.234375 0.430556 0.007292 0.009722
0 0.445833 0.369444 0.007292 0.009722
0 0.450000 0.259722 0.007292 0.009722
0 0.528125 0.375000 0.007292 0.009722
0 0.651042 0.358333 0.007292 0.009722
0 0.622917 0.258333 0.007292 0.009722
0 0.818750 0.270833 0.007292 0.009722
0 0.841667 0.243056 0.007292 0.009722
0 0.740625 0.423611 0.007292 0.009722
0 0.665625 0.544444 0.007292 0.009722
0 0.630208 0.551389 0.007292 0.009722
0 0.625000 0.572222 0.007292 0.009722
0 0.515625 0.445833 0.007292 0.009722
0 0.464583 0.456944 0.007292 0.009722
0 0.343750 0.462500 0.007292 0.009722
0 0.296875 0.511111 0.007292 0.009722
0 0.365625 0.729167 0.007292 0.009722
0 0.494792 0.644444 0.007292 0.009722
0 0.495833 0.756944 0.007292 0.009722
0 0.611458 0.672222 0.007292 0.009722
0 0.735417 0.650000 0.007292 0.009722
0 0.730208 0.684722 0.007292 0.009722
0 0.804167 0.638889 0.007292 0.009722
0 0.805208 0.691667 0.007292 0.009722
0 0.832292 0.716667 0.007292 0.009722
0 0.779167 0.790278 0.007292 0.009722
0 0.743750 0.800000 0.007292 0.009722
0 0.785417 0.884722 0.007292 0.009722
0 0.650000 0.972222 0.007292 0.009722
0 0.650000 0.988889 0.007292 0.009722
0 0.438542 0.972222 0.007292 0.009722
0 0.502083 0.908333 0.007292 0.009722
0 0.394792 0.909722 0.007292 0.009722
0 0.368750 0.898611 0.007292 0.009722
0 0.322917 0.804167 0.007292 0.009722
0 0.352083 0.954167 0.007292 0.009722
0 0.164583 0.813889 0.007292 0.009722