0 0.239583 0.193056 0.007292 0.009722
0 0.832292 0.143056 0.007292 0.009722
0 0.819792 0.284722 0.007292 0.009722
0 0.819792 0.347222 0.007292 0.009722
0 0.793750 0.356944 0.007292 0.009722
0 0.543750 0.312500 0.007292 0.009722
0 0.236458 0.448611 0.007292 0.009722
0 0.281250 0.419444 0.007292 0.009722
0 0.165625 0.427778 0.007292 0.009722
0 0.332292 0.575000 0.007292 0.009722
0 0.558333 0.450000 0.007292 0.009722
0 0.829167 0.587500 0.007292 0.009722
0 0.672917 0.647222 0.007292 0.009722
0 0.664583 0.693056 0.007292 0.009722
0 0.331250 0.738889 0.007292 0.009722
0 0.667708 0.872222 0.007292 0.009722
0 0.654167 0.923611 0.007292 0.009722
0 0.660417 0.927778 0.007292 0.009722
0 0.786458 0.829167 0.007292 0.009722
0 0.812500 0.897222 0.007292 0.009722