0 0.361458 0.129167 0.007292 0.009722
0 0.195833 0.198611 0.007292 0.009722
0 0.744792 0.033333 0.007292 0.009722
0 0.794792 0.030556 0.007292 0.009722
0 0.869792 0.061111 0.007292 0.009722
0 0.226042 0.304167 0.007292 0.009722
0 0.322917 0.273611 0.007292 0.009722
0 0.209375 0.511111 0.007292 0.009722
0 0.245833 0.543056 0.007292 0.009722
0 0.336458 0.451389 0.007292 0.009722
0 0.350000 0.461111 0.007292 0.009722
0 0.691667 0.602778 0.007292 0.009722
0 0.788542 0.641667 0.007292 0.009722
0 0.869792 0.726389 0.007292 0.009722
0 0.464583 0.609722 0.007292 0.009722
0 0.344792 0.684722 0.007292 0.009722
0 0.237500 0.618056 0.007292 0.009722
0 0.251042 0.709722 0.007292 0.009722
0 0.296875 0.745833 0.007292 0.009722
0 0.438542 0.841667 0.007292 0.009722
0 0.553125 0.856944 0.007292 0.009722
0 0.851042 0.890278 0.007292 0.009722