0 0.292708 0.052778 0.007292 0.009722
0 0.308333 0.209722 0.007292 0.009722
0 0.481250 0.148611 0.007292 0.009722
0 0.548958 0.094444 0.007292 0.009722
0 0.377083 0.398611 0.007292 0.009722
0 0.326042 0.491667 0.007292 0.009722
0 0.288542 0.541667 0.007292 0.009722
0 0.421875 0.579167 0.007292 0.009722
0 0.422917 0.595833 0.007292 0.009722
0 0.354167 0.880556 0.007292 0.009722
0 0.255208 0.916667 0.007292 0.009722
0 0.251042 0.926389 0.007292 0.009722
0 0.564583 0.870833 0.007292 0.009722
0 0.496875 0.944444 0.007292 0.009722
0 0.498958 0.962500 0.007292 0.009722
0 0.687500 0.858333 0.007292 0.009722
0 0.559375 0.175000 0.007292 0.009722
0 0.894792 0.190278 0.007292 0.009722
0 0.883333 0.440278 0.007292 0.009722
0 0.755208 0.366667 0.007292 0.009722
0 0.669792 0.634722 0.007292 0.009722
0 0.805208 0.580556 0.007292 0.009722