0 0.581250 0.147222 0.007292 0.009722
0 0.643750 0.191667 0.007292 0.009722
0 0.688542 0.048611 0.007292 0.009722
0 0.631250 0.088889 0.007292 0.009722
0 0.473958 0.027778 0.007292 0.009722
0 0.473958 0.086111 0.007292 0.009722
0 0.295833 0.147222 0.007292 0.009722
0 0.305208 0.202778 0.007292 0.009722
0 0.503125 0.394444 0.007292 0.009722
0 0.736458 0.238889 0.007292 0.009722
0 0.776042 0.488889 0.007292 0.009722
0 0.687500 0.456944 0.007292 0.009722
0 0.261458 0.551389 0.007292 0.009722
0 0.244792 0.477778 0.007292 0.009722
0 0.300000 0.659722 0.007292 0.009722
0 0.443750 0.648611 0.007292 0.009722
0 0.552083 0.744444 0.007292 0.009722
0 0.717708 0.945833 0.007292 0.009722
0 0.654167 0.943056 0.007292 0.009722
0 0.565625 0.975000 0.007292 0.009722
0 0.498958 0.838889 0.007292 0.009722
0 0.437500 0.847222 0.007292 0.009722