0 0.845833 0.047222 0.007292 0.009722
0 0.726042 0.043056 0.007292 0.009722
0 0.706250 0.033333 0.007292 0.009722
0 0.697917 0.040278 0.007292 0.009722
0 0.768750 0.116667 0.007292 0.009722
0 0.797917 0.113889 0.007292 0.009722
0 0.636458 0.205556 0.007292 0.009722
0 0.882292 0.233333 0.007292 0.009722
0 0.557292 0.119444 0.007292 0.009722
0 0.551042 0.130556 0.007292 0.009722
0 0.502083 0.125000 0.007292 0.009722
0 0.472917 0.211111 0.007292 0.009722
0 0.397917 0.204167 0.007292 0.009722
0 0.394792 0.070833 0.007292 0.009722
0 0.358333 0.137500 0.007292 0.009722
0 0.190625 0.079167 0.007292 0.009722
0 0.177083 0.159722 0.007292 0.009722
0 0.227083 0.166667 0.007292 0.009722
0 0.229167 0.215278 0.007292 0.009722
0 0.189583 0.268056 0.007292 0.009722
0 0.186458 0.262500 0.007292 0.009722
0 0.204167 0.391667 0.007292 0.009722
0 0.209375 0.398611 0.007292 0.009722
0 0.339583 0.430556 0.007292 0.009722
0 0.466667 0.415278 0.007292 0.009722
0 0.527083 0.369444 0.007292 0.009722
0 0.604167 0.427778 0.007292 0.009722
0 0.626042 0.409722 0.007292 0.009722
0 0.804167 0.320833 0.007292 0.009722
0 0.831250 0.431944 0.007292 0.009722
0 0.832292 0.462500 0.007292 0.009722
0 0.844792 0.454167 0.007292 0.009722
0 0.696875 0.468056 0.007292 0.009722
0 0.643750 0.483333 0.007292 0.009722
0 0.632292 0.473611 0.007292 0.009722
0 0.660417 0.541667 0.007292 0.009722
0 0.645833 0.559722 0.007292 0.009722
0 0.658333 0.583333 0.007292 0.009722
0 0.678125 0.581944 0.007292 0.009722
0 0.783333 0.568056 0.007292 0.009722
0 0.686458 0.633333 0.007292 0.009722
0 0.616667 0.594444 0.007292 0.009722
0 0.557292 0.550000 0.007292 0.009722
0 0.552083 0.598611 0.007292 0.009722
0 0.464583 0.587500 0.007292 0.009722
0 0.426042 0.584722 0.007292 0.009722
0 0.452083 0.630556 0.007292 0.009722
0 0.356250 0.594444 0.007292 0.009722
0 0.350000 0.601389 0.007292 0.009722
0 0.282292 0.511111 0.007292 0.009722
0 0.207292 0.454167 0.007292 0.009722
0 0.171875 0.465278 0.007292 0.009722
0 0.188542 0.537500 0.007292 0.009722
0 0.238542 0.516667 0.007292 0.009722
0 0.211458 0.593056 0.007292 0.009722
0 0.226042 0.594444 0.007292 0.009722
0 0.202083 0.659722 0.007292 0.009722
0 0.247917 0.734722 0.007292 0.009722
0 0.371875 0.695833 0.007292 0.009722
0 0.412500 0.659722 0.007292 0.009722
0 0.393750 0.776389 0.007292 0.009722
0 0.714583 0.730556 0.007292 0.009722
0 0.729167 0.858333 0.007292 0.009722
0 0.861458 0.837500 0.007292 0.009722
0 0.808333 0.852778 0.007292 0.009722
0 0.864583 0.900000 0.007292 0.009722
0 0.852083 0.923611 0.007292 0.009722
0 0.626042 0.926389 0.007292 0.009722
0 0.382292 0.865278 0.007292 0.009722
0 0.311458 0.825000 0.007292 0.009722
0 0.328125 0.934722 0.007292 0.009722
0 0.176042 0.870833 0.007292 0.009722
0 0.191667 0.966667 0.007292 0.009722