0 0.199479 0.081250 0.007292 0.009722
0 0.220833 0.017361 0.007292 0.009722
0 0.349479 0.029167 0.007292 0.009722
0 0.375521 0.041667 0.007292 0.009722
0 0.255729 0.086111 0.007292 0.009722
0 0.234896 0.113889 0.007292 0.009722
0 0.331771 0.143056 0.007292 0.009722
0 0.389583 0.134722 0.007292 0.009722
0 0.348438 0.181250 0.007292 0.009722
0 0.282813 0.203472 0.007292 0.009722
0 0.254167 0.193056 0.007292 0.009722
0 0.261979 0.250694 0.007292 0.009722
0 0.200000 0.283333 0.007292 0.009722
0 0.185417 0.322917 0.007292 0.009722
0 0.170833 0.370139 0.007292 0.009722
0 0.127604 0.347222 0.007292 0.009722
0 0.260417 0.398611 0.007292 0.009722
0 0.364063 0.339583 0.007292 0.009722
0 0.377083 0.313889 0.007292 0.009722
0 0.408333 0.317361 0.007292 0.009722
0 0.379688 0.128472 0.007292 0.009722
0 0.460938 0.330556 0.007292 0.009722
0 0.451562 0.356944 0.007292 0.009722
0 0.416667 0.404167 0.007292 0.009722
0 0.461979 0.454861 0.007292 0.009722
0 0.347396 0.467361 0.007292 0.009722
0 0.339583 0.495833 0.007292 0.009722
0 0.455729 0.581944 0.007292 0.009722
0 0.178646 0.596528 0.007292 0.009722
0 0.181250 0.572222 0.007292 0.009722
0 0.185417 0.605556 0.007292 0.009722
0 0.185938 0.820139 0.007292 0.009722
0 0.310937 0.790278 0.007292 0.009722
0 0.304688 0.865278 0.007292 0.009722
0 0.332813 0.884028 0.007292 0.009722
0 0.393229 0.853472 0.007292 0.009722
0 0.463021 0.647222 0.007292 0.009722
0 0.513021 0.169444 0.007292 0.009722
0 0.550000 0.145139 0.007292 0.009722
0 0.613542 0.075694 0.007292 0.009722
0 0.733333 0.139583 0.007292 0.009722
0 0.710938 0.037500 0.007292 0.009722
0 0.817708 0.020139 0.007292 0.009722
0 0.795833 0.120833 0.007292 0.009722
0 0.800521 0.126389 0.007292 0.009722
0 0.710417 0.252083 0.007292 0.009722
0 0.750521 0.315278 0.007292 0.009722
0 0.782292 0.279167 0.007292 0.009722
0 0.809375 0.293056 0.007292 0.009722
0 0.828125 0.404167 0.007292 0.009722
0 0.825521 0.438194 0.007292 0.009722
0 0.728125 0.401389 0.007292 0.009722
0 0.669271 0.461806 0.007292 0.009722
0 0.640104 0.479861 0.007292 0.009722
0 0.543750 0.371528 0.007292 0.009722
0 0.478125 0.398611 0.007292 0.009722
0 0.588542 0.254861 0.007292 0.009722
0 0.500000 0.487500 0.007292 0.009722
0 0.469271 0.479861 0.007292 0.009722
0 0.475521 0.499306 0.007292 0.009722
0 0.469271 0.515278 0.007292 0.009722
0 0.541667 0.520833 0.007292 0.009722
0 0.545833 0.557639 0.007292 0.009722
0 0.569792 0.542361 0.007292 0.009722
0 0.671354 0.554861 0.007292 0.009722
0 0.734375 0.656250 0.007292 0.009722
0 0.517188 0.624306 0.007292 0.009722
0 0.508854 0.639583 0.007292 0.009722
0 0.490104 0.639583 0.007292 0.009722
0 0.566667 0.765278 0.007292 0.009722
0 0.707292 0.745139 0.007292 0.009722
0 0.678125 0.820139 0.007292 0.009722
0 0.644271 0.831944 0.007292 0.009722
0 0.645833 0.958333 0.007292 0.009722
0 0.761458 0.947917 0.007292 0.009722