0 0.317708 0.041667 0.007292 0.009722
0 0.365625 0.072222 0.007292 0.009722
0 0.423958 0.054167 0.007292 0.009722
0 0.529167 0.087500 0.007292 0.009722
0 0.527083 0.115278 0.007292 0.009722
0 0.419792 0.150000 0.007292 0.009722
0 0.139583 0.165278 0.007292 0.009722
0 0.109375 0.197222 0.007292 0.009722
0 0.167708 0.240278 0.007292 0.009722
0 0.279167 0.297222 0.007292 0.009722
0 0.280208 0.350000 0.007292 0.009722
0 0.135417 0.359722 0.007292 0.009722
0 0.450000 0.293056 0.007292 0.009722
0 0.491667 0.279167 0.007292 0.009722
0 0.604167 0.387500 0.007292 0.009722
0 0.661458 0.301389 0.007292 0.009722
0 0.653125 0.147222 0.007292 0.009722
0 0.434375 0.517361 0.007292 0.009722
0 0.332292 0.600694 0.007292 0.009722
0 0.139583 0.609028 0.007292 0.009722
0 0.134375 0.654861 0.007292 0.009722
0 0.193750 0.806944 0.007292 0.009722
0 0.530208 0.791667 0.007292 0.009722
0 0.634375 0.679861 0.007292 0.009722
0 0.640625 0.554861 0.007292 0.009722
0 0.603125 0.568750 0.007292 0.009722
0 0.771875 0.106944 0.007292 0.009722
0 0.773958 0.406944 0.007292 0.009722
0 0.679167 0.670139 0.007292 0.009722
0 0.698958 0.654861 0.007292 0.009722
0 0.726042 0.704861 0.007292 0.009722
0 0.671875 0.800694 0.007292 0.009722
0 0.767708 0.698611 0.007292 0.009722
0 0.760417 0.698611 0.007292 0.009722