0 0.296875 0.036111 0.007292 0.009722
0 0.562500 0.223611 0.007292 0.009722
0 0.537500 0.190278 0.007292 0.009722
0 0.836458 0.195833 0.007292 0.009722
0 0.810417 0.269444 0.007292 0.009722
0 0.853125 0.401389 0.007292 0.009722
0 0.829167 0.615278 0.007292 0.009722
0 0.585417 0.433333 0.007292 0.009722
0 0.267708 0.384722 0.007292 0.009722
0 0.197917 0.319444 0.007292 0.009722
0 0.182292 0.416667 0.007292 0.009722
0 0.289583 0.484722 0.007292 0.009722
0 0.318750 0.593056 0.007292 0.009722
0 0.494792 0.718056 0.007292 0.009722
0 0.701042 0.780556 0.007292 0.009722