0 0.221875 0.127778 0.007292 0.009722
0 0.380208 0.033333 0.007292 0.009722
0 0.576042 0.330556 0.007292 0.009722
0 0.587500 0.359722 0.007292 0.009722
0 0.121875 0.640972 0.007292 0.009722
0 0.211458 0.596528 0.007292 0.009722
0 0.250000 0.674306 0.007292 0.009722
0 0.266667 0.316667 0.007292 0.009722
0 0.378125 0.738889 0.007292 0.009722
0 0.405208 0.788889 0.007292 0.009722
0 0.368750 0.827778 0.007292 0.009722
0 0.478125 0.652778 0.007292 0.009722
0 0.591667 0.952778 0.007292 0.009722
0 0.650000 0.855556 0.007292 0.009722
0 0.644792 0.502083 0.007292 0.009722
0 0.693750 0.072222 0.007292 0.009722
0 0.786458 0.763889 0.007292 0.009722
0 0.790625 0.644444 0.007292 0.009722