0 0.851042 0.079167 0.007292 0.009722
0 0.855208 0.179167 0.007292 0.009722
0 0.848958 0.204167 0.007292 0.009722
0 0.627083 0.155556 0.007292 0.009722
0 0.484375 0.101389 0.007292 0.009722
0 0.386458 0.125000 0.007292 0.009722
0 0.387500 0.236111 0.007292 0.009722
0 0.258333 0.113889 0.007292 0.009722
0 0.345833 0.309722 0.007292 0.009722
0 0.292708 0.351389 0.007292 0.009722
0 0.371875 0.377778 0.007292 0.009722
0 0.391667 0.405556 0.007292 0.009722
0 0.338542 0.443056 0.007292 0.009722
0 0.544792 0.426389 0.007292 0.009722
0 0.541667 0.440278 0.007292 0.009722
0 0.585417 0.388889 0.007292 0.009722
0 0.843750 0.365278 0.007292 0.009722
0 0.892708 0.402778 0.007292 0.009722
0 0.784375 0.484722 0.007292 0.009722
0 0.723958 0.609722 0.007292 0.009722
0 0.711458 0.605556 0.007292 0.009722
0 0.629167 0.562500 0.007292 0.009722
0 0.535417 0.602778 0.007292 0.009722
0 0.353125 0.543056 0.007292 0.009722
0 0.243750 0.447222 0.007292 0.009722
0 0.219792 0.605556 0.007292 0.009722
0 0.417708 0.679167 0.007292 0.009722
0 0.455208 0.800000 0.007292 0.009722
0 0.484375 0.791667 0.007292 0.009722
0 0.611458 0.770833 0.007292 0.009722
0 0.627083 0.768056 0.007292 0.009722
0 0.652083 0.706944 0.007292 0.009722
0 0.675000 0.730556 0.007292 0.009722
0 0.820833 0.838889 0.007292 0.009722
0 0.827083 0.945833 0.007292 0.009722
0 0.856250 0.886111 0.007292 0.009722
0 0.737500 0.970833 0.007292 0.009722
0 0.726042 0.972222 0.007292 0.009722
0 0.258333 0.833333 0.007292 0.009722
0 0.285417 0.836111 0.007292 0.009722
0 0.298958 0.976389 0.007292 0.009722
0 0.503125 0.869444 0.007292 0.009722