0 0.236458 0.147222 0.007292 0.009722
0 0.133333 0.111111 0.007292 0.009722
0 0.132292 0.229167 0.007292 0.009722
0 0.334375 0.080556 0.007292 0.009722
0 0.371875 0.027778 0.007292 0.009722
0 0.389583 0.148611 0.007292 0.009722
0 0.430208 0.136111 0.007292 0.009722
0 0.488542 0.129167 0.007292 0.009722
0 0.435417 0.231944 0.007292 0.009722
0 0.413542 0.295833 0.007292 0.009722
0 0.336458 0.222222 0.007292 0.009722
0 0.242708 0.287500 0.007292 0.009722
0 0.142708 0.315278 0.007292 0.009722
0 0.132292 0.309722 0.007292 0.009722
0 0.200000 0.369444 0.007292 0.009722
0 0.184375 0.429167 0.007292 0.009722
0 0.178125 0.512500 0.007292 0.009722
0 0.158333 0.526389 0.007292 0.009722
0 0.226042 0.601389 0.007292 0.009722
0 0.375000 0.565278 0.007292 0.009722
0 0.401042 0.612500 0.007292 0.009722
0 0.651042 0.077083 0.007292 0.009722
0 0.591667 0.568056 0.007292 0.009722
0 0.655208 0.573611 0.007292 0.009722
0 0.586458 0.686111 0.007292 0.009722
0 0.615625 0.688889 0.007292 0.009722
0 0.620833 0.747222 0.007292 0.009722
0 0.592708 0.776389 0.007292 0.009722
0 0.537500 0.768056 0.007292 0.009722
0 0.540625 0.815278 0.007292 0.009722
0 0.492708 0.640278 0.007292 0.009722
0 0.426042 0.652778 0.007292 0.009722
0 0.402083 0.454167 0.007292 0.009722
0 0.198958 0.693056 0.007292 0.009722
0 0.172917 0.731944 0.007292 0.009722
0 0.251042 0.838889 0.007292 0.009722
0 0.203125 0.893056 0.007292 0.009722
0 0.381250 0.977778 0.007292 0.009722
0 0.430208 0.983333 0.007292 0.009722
0 0.443750 0.943056 0.007292 0.009722
0 0.514583 0.943056 0.007292 0.009722
0 0.558333 0.926389 0.007292 0.009722
0 0.504167 0.834722 0.007292 0.009722
0 0.151042 0.940278 0.007292 0.009722
0 0.767708 0.059722 0.007292 0.009722
0 0.757292 0.136111 0.007292 0.009722
0 0.810417 0.116667 0.007292 0.009722
0 0.835417 0.188889 0.007292 0.009722
0 0.777083 0.176389 0.007292 0.009722
0 0.782292 0.181944 0.007292 0.009722
0 0.730208 0.243056 0.007292 0.009722
0 0.752083 0.265278 0.007292 0.009722
0 0.675000 0.201389 0.007292 0.009722
0 0.712500 0.330556 0.007292 0.009722
0 0.839583 0.402778 0.007292 0.009722
0 0.730208 0.733333 0.007292 0.009722
0 0.768750 0.719444 0.007292 0.009722
0 0.779167 0.737500 0.007292 0.009722
0 0.807292 0.809722 0.007292 0.009722
0 0.742708 0.811111 0.007292 0.009722
0 0.778125 0.972222 0.007292 0.009722
0 0.825000 0.991667 0.007292 0.009722
0 0.633333 0.829167 0.007292 0.009722