0 0.129167 0.117361 0.007292 0.009722
0 0.151042 0.216667 0.007292 0.009722
0 0.198958 0.219444 0.007292 0.009722
0 0.239583 0.216667 0.007292 0.009722
0 0.230208 0.150000 0.007292 0.009722
0 0.264583 0.205556 0.007292 0.009722
0 0.343750 0.179167 0.007292 0.009722
0 0.371354 0.151389 0.007292 0.009722
0 0.384375 0.116667 0.007292 0.009722
0 0.414583 0.172917 0.007292 0.009722
0 0.401042 0.238889 0.007292 0.009722
0 0.426042 0.231250 0.007292 0.009722
0 0.417708 0.067361 0.007292 0.009722
0 0.196875 0.278472 0.007292 0.009722
0 0.121354 0.322222 0.007292 0.009722
0 0.235937 0.322222 0.007292 0.009722
0 0.182292 0.367361 0.007292 0.009722
0 0.329167 0.317361 0.007292 0.009722
0 0.360417 0.292361 0.007292 0.009722
0 0.342708 0.330556 0.007292 0.009722
0 0.371875 0.345139 0.007292 0.009722
0 0.311458 0.388889 0.007292 0.009722
0 0.227083 0.428472 0.007292 0.009722
0 0.181771 0.434028 0.007292 0.009722
0 0.314583 0.451389 0.007292 0.009722
0 0.329167 0.463889 0.007292 0.009722
0 0.356771 0.472222 0.007292 0.009722
0 0.340104 0.504167 0.007292 0.009722
0 0.367188 0.488889 0.007292 0.009722
0 0.388542 0.472917 0.007292 0.009722
0 0.306250 0.570139 0.007292 0.009722
0 0.360417 0.588194 0.007292 0.009722
0 0.179167 0.561806 0.007292 0.009722
0 0.259375 0.627083 0.007292 0.009722
0 0.315625 0.651389 0.007292 0.009722
0 0.400521 0.634722 0.007292 0.009722
0 0.433854 0.619444 0.007292 0.009722
0 0.429167 0.656250 0.007292 0.009722
0 0.432292 0.575000 0.007292 0.009722
0 0.440625 0.500694 0.007292 0.009722
0 0.355208 0.707639 0.007292 0.009722
0 0.343750 0.755556 0.007292 0.009722
0 0.376042 0.788194 0.007292 0.009722
0 0.300000 0.775000 0.007292 0.009722
0 0.268750 0.786111 0.007292 0.009722
0 0.125000 0.707639 0.007292 0.009722
0 0.172917 0.716667 0.007292 0.009722
0 0.150000 0.795139 0.007292 0.009722
0 0.208333 0.804861 0.007292 0.009722
0 0.190104 0.819444 0.007292 0.009722
0 0.230208 0.847917 0.007292 0.009722
0 0.252604 0.825000 0.007292 0.009722
0 0.275000 0.802083 0.007292 0.009722
0 0.281250 0.811111 0.007292 0.009722
0 0.325521 0.842361 0.007292 0.009722
0 0.429688 0.795139 0.007292 0.009722
0 0.430208 0.806944 0.007292 0.009722
0 0.440625 0.848611 0.007292 0.009722
0 0.135937 0.969444 0.007292 0.009722
0 0.475000 0.061111 0.007292 0.009722
0 0.510417 0.173611 0.007292 0.009722
0 0.550000 0.170833 0.007292 0.009722
0 0.594792 0.045833 0.007292 0.009722
0 0.753125 0.050000 0.007292 0.009722
0 0.716667 0.105556 0.007292 0.009722
0 0.728125 0.190278 0.007292 0.009722
0 0.808333 0.237500 0.007292 0.009722
0 0.838542 0.376389 0.007292 0.009722
0 0.837500 0.411111 0.007292 0.009722
0 0.822917 0.391667 0.007292 0.009722
0 0.745833 0.369444 0.007292 0.009722
0 0.671875 0.322222 0.007292 0.009722
0 0.627083 0.351389 0.007292 0.009722
0 0.472917 0.319444 0.007292 0.009722
0 0.440625 0.440972 0.007292 0.009722
0 0.492708 0.464583 0.007292 0.009722
0 0.504167 0.472917 0.007292 0.009722
0 0.578125 0.463194 0.007292 0.009722
0 0.669792 0.459028 0.007292 0.009722
0 0.663542 0.503472 0.007292 0.009722
0 0.748958 0.478472 0.007292 0.009722
0 0.754167 0.506250 0.007292 0.009722
0 0.820833 0.568750 0.007292 0.009722
0 0.775000 0.540972 0.007292 0.009722
0 0.727083 0.570139 0.007292 0.009722
0 0.708333 0.589583 0.007292 0.009722
0 0.533333 0.581250 0.007292 0.009722
0 0.488542 0.592361 0.007292 0.009722
0 0.486458 0.611806 0.007292 0.009722
0 0.460417 0.588194 0.007292 0.009722
0 0.450000 0.561806 0.007292 0.009722
0 0.470833 0.642361 0.007292 0.009722
0 0.507292 0.667361 0.007292 0.009722
0 0.543750 0.723611 0.007292 0.009722
0 0.534375 0.801389 0.007292 0.009722
0 0.540625 0.823611 0.007292 0.009722
0 0.522917 0.861111 0.007292 0.009722
0 0.583333 0.706944 0.007292 0.009722
0 0.597917 0.726389 0.007292 0.009722
0 0.604167 0.768056 0.007292 0.009722
0 0.620833 0.687500 0.007292 0.009722
0 0.657292 0.722222 0.007292 0.009722
0 0.673958 0.734722 0.007292 0.009722
0 0.700000 0.754167 0.007292 0.009722
0 0.759375 0.680556 0.007292 0.009722
0 0.629167 0.840278 0.007292 0.009722
0 0.583333 0.913889 0.007292 0.009722
0 0.615625 0.902778 0.007292 0.009722
0 0.630208 0.943056 0.007292 0.009722
0 0.636458 0.968056 0.007292 0.009722
0 0.704167 0.851389 0.007292 0.009722
0 0.806250 0.816667 0.007292 0.009722
0 0.804167 0.840278 0.007292 0.009722
0 0.764583 0.922222 0.007292 0.009722
0 0.384375 0.960417 0.007292 0.009722