0 0.198958 0.091667 0.007292 0.009722
0 0.247917 0.133333 0.007292 0.009722
0 0.206250 0.187500 0.007292 0.009722
0 0.179167 0.186111 0.007292 0.009722
0 0.259375 0.215278 0.007292 0.009722
0 0.287500 0.205556 0.007292 0.009722
0 0.323958 0.159722 0.007292 0.009722
0 0.402083 0.118056 0.007292 0.009722
0 0.294792 0.165278 0.007292 0.009722
0 0.494792 0.030556 0.007292 0.009722
0 0.511458 0.034722 0.007292 0.009722
0 0.521875 0.033333 0.007292 0.009722
0 0.510417 0.101389 0.007292 0.009722
0 0.463542 0.125000 0.007292 0.009722
0 0.471875 0.169444 0.007292 0.009722
0 0.512500 0.143056 0.007292 0.009722
0 0.512500 0.188889 0.007292 0.009722
0 0.582292 0.183333 0.007292 0.009722
0 0.514583 0.288889 0.007292 0.009722
0 0.444792 0.206944 0.007292 0.009722
0 0.468750 0.213889 0.007292 0.009722
0 0.426042 0.256944 0.007292 0.009722
0 0.656250 0.350000 0.007292 0.009722
0 0.650000 0.380556 0.007292 0.009722
0 0.482292 0.351389 0.007292 0.009722
0 0.211458 0.281944 0.007292 0.009722
0 0.184375 0.447222 0.007292 0.009722
0 0.232292 0.434722 0.007292 0.009722
0 0.227083 0.476389 0.007292 0.009722
0 0.166667 0.577778 0.007292 0.009722
0 0.230208 0.526389 0.007292 0.009722
0 0.211458 0.577778 0.007292 0.009722
0 0.328125 0.609722 0.007292 0.009722
0 0.388542 0.586111 0.007292 0.009722
0 0.406250 0.586111 0.007292 0.009722
0 0.444792 0.556944 0.007292 0.009722
0 0.483333 0.486111 0.007292 0.009722
0 0.442708 0.431944 0.007292 0.009722
0 0.541667 0.543056 0.007292 0.009722
0 0.482292 0.593056 0.007292 0.009722
0 0.458333 0.611111 0.007292 0.009722
0 0.595833 0.584722 0.007292 0.009722
0 0.648958 0.615278 0.007292 0.009722
0 0.181250 0.801389 0.007292 0.009722
0 0.273958 0.777778 0.007292 0.009722
0 0.201042 0.702778 0.007292 0.009722
0 0.355208 0.666667 0.007292 0.009722
0 0.438542 0.788889 0.007292 0.009722
0 0.534375 0.672222 0.007292 0.009722
0 0.637500 0.747222 0.007292 0.009722
0 0.648958 0.727778 0.007292 0.009722
0 0.637500 0.833333 0.007292 0.009722
0 0.656250 0.906944 0.007292 0.009722
0 0.566667 0.947222 0.007292 0.009722
0 0.541667 0.966667 0.007292 0.009722
0 0.471875 0.945833 0.007292 0.009722
0 0.316667 0.918056 0.007292 0.009722
0 0.327083 0.950000 0.007292 0.009722
0 0.243750 0.947222 0.007292 0.009722
0 0.237500 0.950000 0.007292 0.009722
0 0.220833 0.855556 0.007292 0.009722
0 0.152083 0.827778 0.007292 0.009722
0 0.519792 0.859722 0.007292 0.009722
0 0.587500 0.243056 0.007292 0.009722
0 0.689583 0.090278 0.007292 0.009722
0 0.732292 0.212500 0.007292 0.009722
0 0.733333 0.225000 0.007292 0.009722
0 0.840625 0.075000 0.007292 0.009722
0 0.820833 0.168056 0.007292 0.009722
0 0.841667 0.344444 0.007292 0.009722
0 0.797917 0.368056 0.007292 0.009722
0 0.869792 0.412500 0.007292 0.009722
0 0.729167 0.402778 0.007292 0.009722
0 0.688542 0.501389 0.007292 0.009722
0 0.680208 0.481944 0.007292 0.009722
0 0.760417 0.484722 0.007292 0.009722
0 0.821875 0.513889 0.007292 0.009722
0 0.736458 0.540278 0.007292 0.009722
0 0.684375 0.837500 0.007292 0.009722
0 0.729167 0.765278 0.007292 0.009722
0 0.621875 0.770833 0.007292 0.009722
0 0.697917 0.873611 0.007292 0.009722
0 0.707292 0.854167 0.007292 0.009722
0 0.730208 0.863889 0.007292 0.009722
0 0.761458 0.769444 0.007292 0.009722
0 0.790625 0.787500 0.007292 0.009722
0 0.838542 0.777778 0.007292 0.009722
0 0.840625 0.705556 0.007292 0.009722
0 0.822917 0.915278 0.007292 0.009722
0 0.783333 0.943056 0.007292 0.009722