0 0.816667 0.120833 0.007292 0.009722
0 0.784375 0.045833 0.007292 0.009722
0 0.454167 0.036111 0.007292 0.009722
0 0.400000 0.065278 0.007292 0.009722
0 0.408333 0.143056 0.007292 0.009722
0 0.356250 0.100000 0.007292 0.009722
0 0.170833 0.062500 0.007292 0.009722
0 0.676042 0.181944 0.007292 0.009722
0 0.580208 0.234722 0.007292 0.009722
0 0.878125 0.248611 0.007292 0.009722
0 0.529167 0.273611 0.007292 0.009722
0 0.401042 0.344444 0.007292 0.009722
0 0.198958 0.401389 0.007292 0.009722
0 0.353125 0.416667 0.007292 0.009722
0 0.370833 0.518056 0.007292 0.009722
0 0.333333 0.545833 0.007292 0.009722
0 0.358333 0.593056 0.007292 0.009722
0 0.394792 0.563889 0.007292 0.009722
0 0.508333 0.422222 0.007292 0.009722
0 0.838542 0.463889 0.007292 0.009722
0 0.863542 0.584722 0.007292 0.009722
0 0.704167 0.669444 0.007292 0.009722
0 0.670833 0.679167 0.007292 0.009722
0 0.416667 0.693056 0.007292 0.009722
0 0.452083 0.843056 0.007292 0.009722
0 0.470833 0.845833 0.007292 0.009722
0 0.798958 0.856944 0.007292 0.009722
0 0.832292 0.827778 0.007292 0.009722