0 0.835417 0.066667 0.007292 0.009722
0 0.852083 0.202778 0.007292 0.009722
0 0.766667 0.173611 0.007292 0.009722
0 0.693750 0.058333 0.007292 0.009722
0 0.445833 0.034722 0.007292 0.009722
0 0.392708 0.086111 0.007292 0.009722
0 0.170833 0.045833 0.007292 0.009722
0 0.140625 0.113889 0.007292 0.009722
0 0.136458 0.201389 0.007292 0.009722
0 0.127083 0.316667 0.007292 0.009722
0 0.222917 0.409722 0.007292 0.009722
0 0.318750 0.295833 0.007292 0.009722
0 0.365625 0.275000 0.007292 0.009722
0 0.353125 0.377778 0.007292 0.009722
0 0.508333 0.397222 0.007292 0.009722
0 0.610417 0.347222 0.007292 0.009722
0 0.630208 0.391667 0.007292 0.009722
0 0.754167 0.294444 0.007292 0.009722
0 0.821875 0.259722 0.007292 0.009722
0 0.831250 0.287500 0.007292 0.009722
0 0.839583 0.276389 0.007292 0.009722
0 0.821875 0.320833 0.007292 0.009722
0 0.764583 0.418056 0.007292 0.009722
0 0.731250 0.355556 0.007292 0.009722
0 0.632292 0.438889 0.007292 0.009722
0 0.665625 0.500000 0.007292 0.009722
0 0.651042 0.561111 0.007292 0.009722
0 0.642708 0.604167 0.007292 0.009722
0 0.746875 0.526389 0.007292 0.009722
0 0.713542 0.601389 0.007292 0.009722
0 0.497917 0.481944 0.007292 0.009722
0 0.477083 0.470833 0.007292 0.009722
0 0.432292 0.487500 0.007292 0.009722
0 0.280208 0.452778 0.007292 0.009722
0 0.340625 0.630556 0.007292 0.009722
0 0.254167 0.548611 0.007292 0.009722
0 0.416667 0.618056 0.007292 0.009722
0 0.255208 0.715278 0.007292 0.009722
0 0.321875 0.756944 0.007292 0.009722
0 0.127083 0.781944 0.007292 0.009722
0 0.145833 0.798611 0.007292 0.009722
0 0.195833 0.863889 0.007292 0.009722
0 0.160417 0.890278 0.007292 0.009722
0 0.233333 0.983333 0.007292 0.009722
0 0.304167 0.833333 0.007292 0.009722
0 0.507292 0.776389 0.007292 0.009722
0 0.586458 0.798611 0.007292 0.009722
0 0.582292 0.688889 0.007292 0.009722
0 0.628125 0.718056 0.007292 0.009722
0 0.526042 0.883333 0.007292 0.009722
0 0.619792 0.875000 0.007292 0.009722
0 0.634375 0.876389 0.007292 0.009722
0 0.681250 0.920833 0.007292 0.009722
0 0.775000 0.972222 0.007292 0.009722
0 0.704167 0.988889 0.007292 0.009722
0 0.782292 0.948611 0.007292 0.009722
0 0.813542 0.725000 0.007292 0.009722
0 0.718750 0.630556 0.007292 0.009722