0 0.844792 0.050000 0.007292 0.009722
0 0.782292 0.118056 0.007292 0.009722
0 0.627083 0.145833 0.007292 0.009722
0 0.581250 0.206944 0.007292 0.009722
0 0.572917 0.202778 0.007292 0.009722
0 0.536458 0.045833 0.007292 0.009722
0 0.362500 0.104167 0.007292 0.009722
0 0.354167 0.108333 0.007292 0.009722
0 0.469792 0.155556 0.007292 0.009722
0 0.284375 0.101389 0.007292 0.009722
0 0.207292 0.109722 0.007292 0.009722
0 0.166667 0.113889 0.007292 0.009722
0 0.285417 0.390278 0.007292 0.009722
0 0.403125 0.322222 0.007292 0.009722
0 0.466667 0.405556 0.007292 0.009722
0 0.726042 0.245833 0.007292 0.009722
0 0.866667 0.276389 0.007292 0.009722
0 0.738542 0.350000 0.007292 0.009722
0 0.770833 0.612500 0.007292 0.009722
0 0.561458 0.538889 0.007292 0.009722
0 0.606250 0.586111 0.007292 0.009722
0 0.635417 0.473611 0.007292 0.009722
0 0.654167 0.451389 0.007292 0.009722
0 0.682292 0.454167 0.007292 0.009722
0 0.352083 0.498611 0.007292 0.009722
0 0.377083 0.427778 0.007292 0.009722
0 0.317708 0.454167 0.007292 0.009722
0 0.236458 0.504167 0.007292 0.009722
0 0.169792 0.555556 0.007292 0.009722
0 0.204167 0.701389 0.007292 0.009722
0 0.186458 0.755556 0.007292 0.009722
0 0.236458 0.763889 0.007292 0.009722
0 0.287500 0.540278 0.007292 0.009722
0 0.355208 0.611111 0.007292 0.009722
0 0.367708 0.752778 0.007292 0.009722
0 0.386458 0.791667 0.007292 0.009722
0 0.390625 0.809722 0.007292 0.009722
0 0.537500 0.662500 0.007292 0.009722
0 0.541667 0.726389 0.007292 0.009722
0 0.686458 0.795833 0.007292 0.009722
0 0.780208 0.861111 0.007292 0.009722
0 0.831250 0.838889 0.007292 0.009722
0 0.844792 0.937500 0.007292 0.009722
0 0.788542 0.951389 0.007292 0.009722
0 0.773958 0.958333 0.007292 0.009722
0 0.658333 0.951389 0.007292 0.009722
0 0.656250 0.961111 0.007292 0.009722
0 0.495833 0.898611 0.007292 0.009722
0 0.483333 0.915278 0.007292 0.009722
0 0.433333 0.923611 0.007292 0.009722
0 0.319792 0.918056 0.007292 0.009722
0 0.290625 0.894444 0.007292 0.009722
0 0.241667 0.863889 0.007292 0.009722
0 0.250000 0.809722 0.007292 0.009722