0 0.123958 0.063889 0.007292 0.009722
0 0.138542 0.019444 0.007292 0.009722
0 0.216667 0.109722 0.007292 0.009722
0 0.273958 0.022222 0.007292 0.009722
0 0.247917 0.180556 0.007292 0.009722
0 0.391667 0.076389 0.007292 0.009722
0 0.464583 0.045833 0.007292 0.009722
0 0.464583 0.058333 0.007292 0.009722
0 0.575000 0.012500 0.007292 0.009722
0 0.607292 0.026389 0.007292 0.009722
0 0.600000 0.038889 0.007292 0.009722
0 0.484375 0.112500 0.007292 0.009722
0 0.460417 0.083333 0.007292 0.009722
0 0.501042 0.158333 0.007292 0.009722
0 0.530208 0.190278 0.007292 0.009722
0 0.463542 0.204167 0.007292 0.009722
0 0.462500 0.170833 0.007292 0.009722
0 0.455208 0.156944 0.007292 0.009722
0 0.440625 0.159722 0.007292 0.009722
0 0.421875 0.165278 0.007292 0.009722
0 0.391667 0.200000 0.007292 0.009722
0 0.403125 0.202778 0.007292 0.009722
0 0.375000 0.219444 0.007292 0.009722
0 0.440625 0.294444 0.007292 0.009722
0 0.451042 0.302778 0.007292 0.009722
0 0.435417 0.315278 0.007292 0.009722
0 0.143750 0.244444 0.007292 0.009722
0 0.115625 0.306944 0.007292 0.009722
0 0.156250 0.306944 0.007292 0.009722
0 0.126042 0.366667 0.007292 0.009722
0 0.105208 0.394444 0.007292 0.009722
0 0.217708 0.351389 0.007292 0.009722
0 0.262500 0.394444 0.007292 0.009722
0 0.300000 0.391667 0.007292 0.009722
0 0.266667 0.445833 0.007292 0.009722
0 0.333333 0.477778 0.007292 0.009722
0 0.397917 0.405556 0.007292 0.009722
0 0.463542 0.383333 0.007292 0.009722
0 0.477083 0.422222 0.007292 0.009722
0 0.538542 0.406944 0.007292 0.009722
0 0.590625 0.476389 0.007292 0.009722
0 0.627083 0.462500 0.007292 0.009722
0 0.589583 0.123611 0.007292 0.009722
0 0.557292 0.611111 0.007292 0.009722
0 0.612500 0.622222 0.007292 0.009722
0 0.435417 0.593056 0.007292 0.009722
0 0.487500 0.665278 0.007292 0.009722
0 0.479167 0.705556 0.007292 0.009722
0 0.459375 0.725000 0.007292 0.009722
0 0.436458 0.762500 0.007292 0.009722
0 0.420833 0.718056 0.007292 0.009722
0 0.413542 0.737500 0.007292 0.009722
0 0.369792 0.683333 0.007292 0.009722
0 0.377083 0.593056 0.007292 0.009722
0 0.339583 0.600000 0.007292 0.009722
0 0.280208 0.606944 0.007292 0.009722
0 0.209375 0.591667 0.007292 0.009722
0 0.255208 0.693056 0.007292 0.009722
0 0.248958 0.712500 0.007292 0.009722
0 0.205208 0.747222 0.007292 0.009722
0 0.168750 0.654167 0.007292 0.009722
0 0.172917 0.516667 0.007292 0.009722
0 0.115625 0.679167 0.007292 0.009722
0 0.141667 0.761111 0.007292 0.009722
0 0.215625 0.847222 0.007292 0.009722
0 0.192708 0.862500 0.007292 0.009722
0 0.246875 0.936111 0.007292 0.009722
0 0.117708 0.952778 0.007292 0.009722
0 0.332292 0.911111 0.007292 0.009722
0 0.327083 0.818056 0.007292 0.009722
0 0.421875 0.829167 0.007292 0.009722
0 0.452083 0.820833 0.007292 0.009722
0 0.557292 0.850000 0.007292 0.009722
0 0.568750 0.895833 0.007292 0.009722
0 0.589583 0.911111 0.007292 0.009722
0 0.616667 0.945833 0.007292 0.009722
0 0.625000 0.779167 0.007292 0.009722
0 0.546875 0.763889 0.007292 0.009722
0 0.552083 0.780556 0.007292 0.009722
0 0.697917 0.041667 0.007292 0.009722
0 0.741667 0.020833 0.007292 0.009722
0 0.680208 0.191667 0.007292 0.009722
0 0.766667 0.251389 0.007292 0.009722
0 0.815625 0.248611 0.007292 0.009722
0 0.785417 0.254167 0.007292 0.009722
0 0.826042 0.048611 0.007292 0.009722
0 0.814583 0.379167 0.007292 0.009722
0 0.826042 0.429167 0.007292 0.009722
0 0.725000 0.370833 0.007292 0.009722
0 0.684375 0.425000 0.007292 0.009722
0 0.735417 0.447222 0.007292 0.009722
0 0.739583 0.486111 0.007292 0.009722
0 0.725000 0.566667 0.007292 0.009722
0 0.787500 0.586111 0.007292 0.009722
0 0.758333 0.702778 0.007292 0.009722
0 0.793750 0.706944 0.007292 0.009722
0 0.792708 0.727778 0.007292 0.009722
0 0.776042 0.816667 0.007292 0.009722
0 0.780208 0.844444 0.007292 0.009722
0 0.701042 0.794444 0.007292 0.009722