0 0.445833 0.108333 0.007292 0.009722
0 0.492708 0.056944 0.007292 0.009722
0 0.243750 0.219444 0.007292 0.009722
0 0.188542 0.266667 0.007292 0.009722
0 0.295833 0.405556 0.007292 0.009722
0 0.416667 0.291667 0.007292 0.009722
0 0.722917 0.051389 0.007292 0.009722
0 0.748958 0.098611 0.007292 0.009722
0 0.658333 0.341667 0.007292 0.009722
0 0.561458 0.445833 0.007292 0.009722
0 0.431250 0.561111 0.007292 0.009722
0 0.179167 0.631944 0.007292 0.009722
0 0.502083 0.691667 0.007292 0.009722
0 0.616667 0.733333 0.007292 0.009722
0 0.629167 0.741667 0.007292 0.009722
0 0.659375 0.781944 0.007292 0.009722
0 0.698958 0.784722 0.007292 0.009722
0 0.680208 0.891667 0.007292 0.009722