0 0.356250 0.065278 0.007292 0.009722
0 0.418750 0.090278 0.007292 0.009722
0 0.346875 0.180556 0.007292 0.009722
0 0.370833 0.202778 0.007292 0.009722
0 0.559375 0.123611 0.007292 0.009722
0 0.622917 0.044444 0.007292 0.009722
0 0.704167 0.070833 0.007292 0.009722
0 0.663542 0.136111 0.007292 0.009722
0 0.778125 0.168056 0.007292 0.009722
0 0.742708 0.216667 0.007292 0.009722
0 0.689583 0.262500 0.007292 0.009722
0 0.791667 0.372222 0.007292 0.009722
0 0.785417 0.387500 0.007292 0.009722
0 0.788542 0.415278 0.007292 0.009722
0 0.804167 0.458333 0.007292 0.009722
0 0.687500 0.408333 0.007292 0.009722
0 0.547917 0.555556 0.007292 0.009722
0 0.418750 0.455556 0.007292 0.009722
0 0.386458 0.461111 0.007292 0.009722
0 0.452083 0.452778 0.007292 0.009722
0 0.417708 0.327778 0.007292 0.009722
0 0.431250 0.281944 0.007292 0.009722
0 0.437500 0.286111 0.007292 0.009722
0 0.515625 0.313889 0.007292 0.009722
0 0.476042 0.325000 0.007292 0.009722
0 0.628125 0.298611 0.007292 0.009722
0 0.841667 0.452778 0.007292 0.009722
0 0.826042 0.577778 0.007292 0.009722
0 0.790625 0.690278 0.007292 0.009722
0 0.848958 0.729167 0.007292 0.009722
0 0.741667 0.708333 0.007292 0.009722
0 0.695833 0.658333 0.007292 0.009722
0 0.611458 0.673611 0.007292 0.009722
0 0.652083 0.772222 0.007292 0.009722
0 0.645833 0.772222 0.007292 0.009722
0 0.525000 0.643056 0.007292 0.009722
0 0.491667 0.531944 0.007292 0.009722
0 0.348958 0.431944 0.007292 0.009722
0 0.320833 0.341667 0.007292 0.009722
0 0.235417 0.386111 0.007292 0.009722
0 0.255208 0.387500 0.007292 0.009722
0 0.284375 0.470833 0.007292 0.009722
0 0.287500 0.477778 0.007292 0.009722
0 0.284375 0.531944 0.007292 0.009722
0 0.341667 0.625000 0.007292 0.009722
0 0.397917 0.650000 0.007292 0.009722
0 0.429167 0.722222 0.007292 0.009722
0 0.438542 0.725000 0.007292 0.009722
0 0.438542 0.738889 0.007292 0.009722
0 0.473958 0.695833 0.007292 0.009722
0 0.578125 0.672222 0.007292 0.009722
0 0.861458 0.855556 0.007292 0.009722
0 0.866667 0.845833 0.007292 0.009722
0 0.872917 0.854167 0.007292 0.009722
0 0.763542 0.865278 0.007292 0.009722
0 0.807292 0.870833 0.007292 0.009722
0 0.475000 0.926389 0.007292 0.009722
0 0.492708 0.931944 0.007292 0.009722
0 0.412500 0.856944 0.007292 0.009722
0 0.363542 0.834722 0.007292 0.009722
0 0.343750 0.806944 0.007292 0.009722
0 0.187500 0.686111 0.007292 0.009722
0 0.179167 0.637500 0.007292 0.009722
0 0.238542 0.504167 0.007292 0.009722
0 0.406250 0.731944 0.007292 0.009722
0 0.406250 0.751389 0.007292 0.009722
0 0.798958 0.725000 0.007292 0.009722
0 0.682292 0.641667 0.007292 0.009722
0 0.682292 0.677778 0.007292 0.009722
0 0.265625 0.969444 0.007292 0.009722
0 0.273958 0.727778 0.007292 0.009722
0 0.270833 0.722222 0.007292 0.009722