0 0.285417 0.056944 0.007292 0.009722
0 0.301042 0.056944 0.007292 0.009722
0 0.551042 0.152778 0.007292 0.009722
0 0.598958 0.130556 0.007292 0.009722
0 0.446875 0.337500 0.007292 0.009722
0 0.272917 0.648611 0.007292 0.009722
0 0.184375 0.697222 0.007292 0.009722
0 0.422917 0.663889 0.007292 0.009722
0 0.472917 0.729167 0.007292 0.009722
0 0.455208 0.752778 0.007292 0.009722
0 0.704167 0.675000 0.007292 0.009722
0 0.690625 0.876389 0.007292 0.009722
0 0.596875 0.856944 0.007292 0.009722
0 0.594792 0.869444 0.007292 0.009722
0 0.603125 0.861111 0.007292 0.009722
0 0.861458 0.781944 0.007292 0.009722
0 0.850000 0.936111 0.007292 0.009722