0 0.611458 0.108333 0.007292 0.009722
0 0.618750 0.051389 0.007292 0.009722
0 0.243750 0.047222 0.007292 0.009722
0 0.204167 0.213889 0.007292 0.009722
0 0.238542 0.261111 0.007292 0.009722
0 0.194792 0.306944 0.007292 0.009722
0 0.150000 0.354167 0.007292 0.009722
0 0.390625 0.423611 0.007292 0.009722
0 0.562500 0.420833 0.007292 0.009722
0 0.615625 0.263889 0.007292 0.009722
0 0.645833 0.386111 0.007292 0.009722
0 0.580208 0.236111 0.007292 0.009722
0 0.657292 0.272222 0.007292 0.009722
0 0.766667 0.286111 0.007292 0.009722
0 0.827083 0.461111 0.007292 0.009722
0 0.844792 0.469444 0.007292 0.009722
0 0.639583 0.459722 0.007292 0.009722
0 0.723958 0.450000 0.007292 0.009722
0 0.722917 0.455556 0.007292 0.009722
0 0.786458 0.505556 0.007292 0.009722
0 0.613542 0.584722 0.007292 0.009722
0 0.657292 0.559722 0.007292 0.009722
0 0.667708 0.640278 0.007292 0.009722
0 0.693750 0.633333 0.007292 0.009722
0 0.716667 0.593056 0.007292 0.009722
0 0.621875 0.648611 0.007292 0.009722
0 0.628125 0.688889 0.007292 0.009722
0 0.579167 0.716667 0.007292 0.009722
0 0.575000 0.765278 0.007292 0.009722
0 0.577083 0.797222 0.007292 0.009722
0 0.615625 0.858333 0.007292 0.009722
0 0.587500 0.926389 0.007292 0.009722
0 0.588542 0.918056 0.007292 0.009722
0 0.584375 0.918056 0.007292 0.009722
0 0.650000 0.926389 0.007292 0.009722
0 0.662500 0.976389 0.007292 0.009722
0 0.659375 0.983333 0.007292 0.009722
0 0.840625 0.908333 0.007292 0.009722
0 0.779167 0.847222 0.007292 0.009722
0 0.720833 0.787500 0.007292 0.009722
0 0.453125 0.741667 0.007292 0.009722
0 0.464583 0.734722 0.007292 0.009722
0 0.427083 0.676389 0.007292 0.009722
0 0.476042 0.475000 0.007292 0.009722
0 0.441667 0.486111 0.007292 0.009722
0 0.306250 0.465278 0.007292 0.009722
0 0.270833 0.437500 0.007292 0.009722
0 0.308333 0.601389 0.007292 0.009722
0 0.282292 0.609722 0.007292 0.009722
0 0.263542 0.611111 0.007292 0.009722
0 0.338542 0.615278 0.007292 0.009722
0 0.394792 0.718056 0.007292 0.009722
0 0.411458 0.731944 0.007292 0.009722
0 0.401042 0.880556 0.007292 0.009722
0 0.356250 0.879167 0.007292 0.009722
0 0.271875 0.858333 0.007292 0.009722
0 0.280208 0.798611 0.007292 0.009722
0 0.286458 0.729167 0.007292 0.009722
0 0.178125 0.773611 0.007292 0.009722
0 0.170833 0.373611 0.007292 0.009722