0 0.725000 0.070833 0.007292 0.009722
0 0.831250 0.180556 0.007292 0.009722
0 0.650000 0.197222 0.007292 0.009722
0 0.464583 0.227778 0.007292 0.009722
0 0.235417 0.226389 0.007292 0.009722
0 0.219792 0.175000 0.007292 0.009722
0 0.139583 0.200000 0.007292 0.009722
0 0.128125 0.252778 0.007292 0.009722
0 0.282292 0.313889 0.007292 0.009722
0 0.270833 0.356944 0.007292 0.009722
0 0.411458 0.362500 0.007292 0.009722
0 0.584375 0.386111 0.007292 0.009722
0 0.641667 0.301389 0.007292 0.009722
0 0.709375 0.293056 0.007292 0.009722
0 0.339583 0.527778 0.007292 0.009722
0 0.239583 0.470833 0.007292 0.009722
0 0.791667 0.466667 0.007292 0.009722
0 0.785417 0.544444 0.007292 0.009722
0 0.795833 0.800000 0.007292 0.009722
0 0.832292 0.641667 0.007292 0.009722
0 0.705208 0.816667 0.007292 0.009722
0 0.551042 0.905556 0.007292 0.009722
0 0.478125 0.959722 0.007292 0.009722
0 0.497917 0.879167 0.007292 0.009722
0 0.475000 0.797222 0.007292 0.009722
0 0.410417 0.865278 0.007292 0.009722
0 0.317708 0.663889 0.007292 0.009722
0 0.432292 0.730556 0.007292 0.009722
0 0.487500 0.622222 0.007292 0.009722
0 0.143750 0.811111 0.007292 0.009722
0 0.179167 0.908333 0.007292 0.009722
0 0.180208 0.970833 0.007292 0.009722