0 0.246875 0.191667 0.007292 0.009722
0 0.215625 0.243056 0.007292 0.009722
0 0.445833 0.197222 0.007292 0.009722
0 0.536458 0.181944 0.007292 0.009722
0 0.771875 0.098611 0.007292 0.009722
0 0.791667 0.080556 0.007292 0.009722
0 0.816667 0.130556 0.007292 0.009722
0 0.740625 0.319444 0.007292 0.009722
0 0.623958 0.650000 0.007292 0.009722
0 0.672917 0.684722 0.007292 0.009722
0 0.639583 0.761111 0.007292 0.009722
0 0.475000 0.795833 0.007292 0.009722
0 0.409375 0.806944 0.007292 0.009722
0 0.285417 0.691667 0.007292 0.009722
0 0.192708 0.622222 0.007292 0.009722
0 0.283333 0.873611 0.007292 0.009722
0 0.386458 0.925000 0.007292 0.009722
0 0.491667 0.923611 0.007292 0.009722
0 0.498958 0.920833 0.007292 0.009722
0 0.507292 0.920833 0.007292 0.009722
0 0.512500 0.916667 0.007292 0.009722
0 0.519792 0.915278 0.007292 0.009722
0 0.527083 0.898611 0.007292 0.009722
0 0.537500 0.897222 0.007292 0.009722
0 0.537500 0.883333 0.007292 0.009722
0 0.536458 0.909722 0.007292 0.009722