0 0.161458 0.127778 0.007292 0.009722
0 0.139583 0.031944 0.007292 0.009722
0 0.121875 0.036111 0.007292 0.009722
0 0.346875 0.120833 0.007292 0.009722
0 0.390625 0.163889 0.007292 0.009722
0 0.438542 0.215278 0.007292 0.009722
0 0.437500 0.188889 0.007292 0.009722
0 0.448958 0.125000 0.007292 0.009722
0 0.495833 0.136111 0.007292 0.009722
0 0.366667 0.155556 0.007292 0.009722
0 0.548958 0.134722 0.007292 0.009722
0 0.560417 0.036111 0.007292 0.009722
0 0.595833 0.047222 0.007292 0.009722
0 0.654167 0.018056 0.007292 0.009722
0 0.616667 0.098611 0.007292 0.009722
0 0.653125 0.122222 0.007292 0.009722
0 0.632292 0.162500 0.007292 0.009722
0 0.602083 0.166667 0.007292 0.009722
0 0.702083 0.075000 0.007292 0.009722
0 0.787500 0.109722 0.007292 0.009722
0 0.769792 0.168056 0.007292 0.009722
0 0.715625 0.205556 0.007292 0.009722
0 0.803125 0.208333 0.007292 0.009722
0 0.651042 0.230556 0.007292 0.009722
0 0.635417 0.263889 0.007292 0.009722
0 0.688542 0.338889 0.007292 0.009722
0 0.726042 0.341667 0.007292 0.009722
0 0.736458 0.373611 0.007292 0.009722
0 0.754167 0.366667 0.007292 0.009722
0 0.722917 0.408333 0.007292 0.009722
0 0.696875 0.412500 0.007292 0.009722
0 0.685417 0.402778 0.007292 0.009722
0 0.569792 0.422222 0.007292 0.009722
0 0.585417 0.418056 0.007292 0.009722
0 0.576042 0.411111 0.007292 0.009722
0 0.525000 0.375000 0.007292 0.009722
0 0.522917 0.405556 0.007292 0.009722
0 0.467708 0.356944 0.007292 0.009722
0 0.501042 0.352778 0.007292 0.009722
0 0.458333 0.305556 0.007292 0.009722
0 0.398958 0.337500 0.007292 0.009722
0 0.312500 0.284722 0.007292 0.009722
0 0.301042 0.293056 0.007292 0.009722
0 0.315625 0.298611 0.007292 0.009722
0 0.378125 0.418056 0.007292 0.009722
0 0.323958 0.379167 0.007292 0.009722
0 0.214583 0.259722 0.007292 0.009722
0 0.186458 0.266667 0.007292 0.009722
0 0.145833 0.248611 0.007292 0.009722
0 0.204167 0.425000 0.007292 0.009722
0 0.193750 0.465278 0.007292 0.009722
0 0.214583 0.483333 0.007292 0.009722
0 0.192708 0.518056 0.007292 0.009722
0 0.189583 0.573611 0.007292 0.009722
0 0.287500 0.533333 0.007292 0.009722
0 0.337500 0.441667 0.007292 0.009722
0 0.131250 0.602778 0.007292 0.009722
0 0.139583 0.623611 0.007292 0.009722
0 0.169792 0.687500 0.007292 0.009722
0 0.496875 0.541667 0.007292 0.009722
0 0.545833 0.561111 0.007292 0.009722
0 0.687500 0.462500 0.007292 0.009722
0 0.745833 0.525000 0.007292 0.009722
0 0.770833 0.516667 0.007292 0.009722
0 0.800000 0.455556 0.007292 0.009722
0 0.800000 0.490278 0.007292 0.009722
0 0.816667 0.545833 0.007292 0.009722
0 0.809375 0.559722 0.007292 0.009722
0 0.809375 0.625000 0.007292 0.009722
0 0.789583 0.609722 0.007292 0.009722
0 0.780208 0.648611 0.007292 0.009722
0 0.730208 0.654167 0.007292 0.009722
0 0.685417 0.704167 0.007292 0.009722
0 0.651042 0.700000 0.007292 0.009722
0 0.526042 0.711111 0.007292 0.009722
0 0.513542 0.708333 0.007292 0.009722
0 0.444792 0.712500 0.007292 0.009722
0 0.408333 0.722222 0.007292 0.009722
0 0.386458 0.683333 0.007292 0.009722
0 0.368750 0.630556 0.007292 0.009722
0 0.344792 0.620833 0.007292 0.009722
0 0.263542 0.733333 0.007292 0.009722
0 0.147917 0.745833 0.007292 0.009722
0 0.155208 0.779167 0.007292 0.009722
0 0.140625 0.869444 0.007292 0.009722
0 0.141667 0.934722 0.007292 0.009722
0 0.236458 0.863889 0.007292 0.009722
0 0.231250 0.881944 0.007292 0.009722
0 0.293750 0.831944 0.007292 0.009722
0 0.277083 0.938889 0.007292 0.009722
0 0.311458 0.933333 0.007292 0.009722
0 0.314583 0.969444 0.007292 0.009722
0 0.421875 0.963889 0.007292 0.009722
0 0.397917 0.984722 0.007292 0.009722
0 0.477083 0.987500 0.007292 0.009722
0 0.488542 0.895833 0.007292 0.009722
0 0.451042 0.812500 0.007292 0.009722
0 0.586458 0.847222 0.007292 0.009722
0 0.632292 0.940278 0.007292 0.009722
0 0.646875 0.977778 0.007292 0.009722
0 0.666667 0.879167 0.007292 0.009722
0 0.723958 0.879167 0.007292 0.009722
0 0.761458 0.868056 0.007292 0.009722
0 0.766667 0.847222 0.007292 0.009722
0 0.738542 0.912500 0.007292 0.009722
0 0.748958 0.913889 0.007292 0.009722
0 0.800000 0.927778 0.007292 0.009722
0 0.803125 0.950000 0.007292 0.009722
0 0.812500 0.862500 0.007292 0.009722
0 0.821875 0.941667 0.007292 0.009722
0 0.853125 0.959722 0.007292 0.009722