0 0.619792 0.040278 0.007292 0.009722
0 0.556250 0.240278 0.007292 0.009722
0 0.403125 0.236111 0.007292 0.009722
0 0.348958 0.226389 0.007292 0.009722
0 0.322917 0.250000 0.007292 0.009722
0 0.187500 0.065278 0.007292 0.009722
0 0.206250 0.072222 0.007292 0.009722
0 0.300000 0.150000 0.007292 0.009722
0 0.264583 0.131944 0.007292 0.009722
0 0.230208 0.493056 0.007292 0.009722
0 0.289583 0.494444 0.007292 0.009722
0 0.185417 0.605556 0.007292 0.009722
0 0.209375 0.650000 0.007292 0.009722
0 0.201042 0.668056 0.007292 0.009722
0 0.311458 0.616667 0.007292 0.009722
0 0.452083 0.637500 0.007292 0.009722
0 0.534375 0.609722 0.007292 0.009722
0 0.622917 0.591667 0.007292 0.009722
0 0.666667 0.437500 0.007292 0.009722
0 0.751042 0.454167 0.007292 0.009722
0 0.715625 0.315278 0.007292 0.009722
0 0.871875 0.430556 0.007292 0.009722
0 0.765625 0.502778 0.007292 0.009722
0 0.773958 0.754167 0.007292 0.009722
0 0.702083 0.684722 0.007292 0.009722
0 0.806250 0.852778 0.007292 0.009722
0 0.797917 0.827778 0.007292 0.009722
0 0.523958 0.631944 0.007292 0.009722
0 0.502083 0.972222 0.007292 0.009722