0 0.710417 0.306944 0.007292 0.009722
0 0.760417 0.275000 0.007292 0.009722
0 0.820833 0.219444 0.007292 0.009722
0 0.601042 0.304167 0.007292 0.009722
0 0.302083 0.047222 0.007292 0.009722
0 0.361458 0.565278 0.007292 0.009722
0 0.419792 0.752778 0.007292 0.009722
0 0.432292 0.805556 0.007292 0.009722
0 0.601042 0.640278 0.007292 0.009722
0 0.625000 0.548611 0.007292 0.009722
0 0.695833 0.718056 0.007292 0.009722
0 0.837500 0.631944 0.007292 0.009722
0 0.826042 0.515278 0.007292 0.009722
0 0.751042 0.930556 0.007292 0.009722
0 0.236458 0.915278 0.007292 0.009722
0 0.513542 0.670833 0.007292 0.009722