0 0.151042 0.084722 0.007292 0.009722
0 0.227083 0.065278 0.007292 0.009722
0 0.273958 0.048611 0.007292 0.009722
0 0.282292 0.031944 0.007292 0.009722
0 0.433333 0.081944 0.007292 0.009722
0 0.521875 0.118056 0.007292 0.009722
0 0.356250 0.219444 0.007292 0.009722
0 0.696875 0.213889 0.007292 0.009722
0 0.623958 0.243056 0.007292 0.009722
0 0.762500 0.209722 0.007292 0.009722
0 0.716667 0.286111 0.007292 0.009722
0 0.645833 0.305556 0.007292 0.009722
0 0.751042 0.336111 0.007292 0.009722
0 0.666667 0.370833 0.007292 0.009722
0 0.489583 0.284722 0.007292 0.009722
0 0.422917 0.331944 0.007292 0.009722
0 0.381250 0.343056 0.007292 0.009722
0 0.328125 0.383333 0.007292 0.009722
0 0.245833 0.280556 0.007292 0.009722
0 0.119792 0.311111 0.007292 0.009722
0 0.121875 0.334722 0.007292 0.009722
0 0.254167 0.431944 0.007292 0.009722
0 0.230208 0.520833 0.007292 0.009722
0 0.108333 0.527778 0.007292 0.009722
0 0.239583 0.597222 0.007292 0.009722
0 0.375000 0.511111 0.007292 0.009722
0 0.437500 0.447222 0.007292 0.009722
0 0.468750 0.588889 0.007292 0.009722
0 0.438542 0.600000 0.007292 0.009722
0 0.554167 0.575000 0.007292 0.009722
0 0.680208 0.545833 0.007292 0.009722
0 0.690625 0.540278 0.007292 0.009722
0 0.700000 0.527778 0.007292 0.009722
0 0.698958 0.476389 0.007292 0.009722
0 0.778125 0.423611 0.007292 0.009722
0 0.788542 0.509722 0.007292 0.009722
0 0.681250 0.752778 0.007292 0.009722
0 0.545833 0.684722 0.007292 0.009722
0 0.659375 0.706944 0.007292 0.009722
0 0.420833 0.748611 0.007292 0.009722
0 0.376042 0.730556 0.007292 0.009722
0 0.396875 0.645833 0.007292 0.009722
0 0.278125 0.758333 0.007292 0.009722
0 0.238542 0.704167 0.007292 0.009722
0 0.195833 0.680556 0.007292 0.009722
0 0.128125 0.631944 0.007292 0.009722
0 0.114583 0.861111 0.007292 0.009722
0 0.187500 0.947222 0.007292 0.009722
0 0.300000 0.920833 0.007292 0.009722
0 0.309375 0.890278 0.007292 0.009722
0 0.344792 0.852778 0.007292 0.009722
0 0.330208 0.966667 0.007292 0.009722
0 0.490625 0.958333 0.007292 0.009722
0 0.526042 0.981944 0.007292 0.009722
0 0.610417 0.820833 0.007292 0.009722
0 0.658333 0.888889 0.007292 0.009722
0 0.761458 0.904167 0.007292 0.009722
0 0.729167 0.961111 0.007292 0.009722
0 0.763542 0.968056 0.007292 0.009722
0 0.751042 0.943056 0.007292 0.009722