0 0.405208 0.029167 0.007292 0.009722
0 0.429167 0.190278 0.007292 0.009722
0 0.709375 0.297222 0.007292 0.009722
0 0.820833 0.425000 0.007292 0.009722
0 0.770833 0.445833 0.007292 0.009722
0 0.693750 0.473611 0.007292 0.009722
0 0.637500 0.388889 0.007292 0.009722
0 0.545833 0.536111 0.007292 0.009722
0 0.514583 0.731944 0.007292 0.009722
0 0.531250 0.872222 0.007292 0.009722
0 0.235417 0.922222 0.007292 0.009722
0 0.228125 0.722222 0.007292 0.009722
0 0.309375 0.666667 0.007292 0.009722
0 0.211458 0.690278 0.007292 0.009722
0 0.225000 0.429167 0.007292 0.009722
0 0.428125 0.655556 0.007292 0.009722
0 0.615625 0.718056 0.007292 0.009722
0 0.792708 0.338889 0.007292 0.009722