0 0.446875 0.029167 0.007292 0.009722
0 0.380208 0.098611 0.007292 0.009722
0 0.227083 0.111111 0.007292 0.009722
0 0.283333 0.140278 0.007292 0.009722
0 0.179167 0.091667 0.007292 0.009722
0 0.460417 0.166667 0.007292 0.009722
0 0.546875 0.163889 0.007292 0.009722
0 0.559375 0.200000 0.007292 0.009722
0 0.720833 0.251389 0.007292 0.009722
0 0.718750 0.268056 0.007292 0.009722
0 0.727083 0.316667 0.007292 0.009722
0 0.753125 0.338889 0.007292 0.009722
0 0.860417 0.375000 0.007292 0.009722
0 0.604167 0.287500 0.007292 0.009722
0 0.509375 0.251389 0.007292 0.009722
0 0.506250 0.329167 0.007292 0.009722
0 0.467708 0.231944 0.007292 0.009722
0 0.467708 0.240278 0.007292 0.009722
0 0.423958 0.236111 0.007292 0.009722
0 0.343750 0.283333 0.007292 0.009722
0 0.311458 0.272222 0.007292 0.009722
0 0.278125 0.261111 0.007292 0.009722
0 0.277083 0.269444 0.007292 0.009722
0 0.194792 0.293056 0.007292 0.009722
0 0.376042 0.355556 0.007292 0.009722
0 0.455208 0.366667 0.007292 0.009722
0 0.451042 0.329167 0.007292 0.009722
0 0.828125 0.405556 0.007292 0.009722
0 0.666667 0.515278 0.007292 0.009722
0 0.771875 0.608333 0.007292 0.009722
0 0.772917 0.613889 0.007292 0.009722
0 0.760417 0.647222 0.007292 0.009722
0 0.831250 0.676389 0.007292 0.009722
0 0.776042 0.777778 0.007292 0.009722
0 0.729167 0.758333 0.007292 0.009722
0 0.655208 0.743056 0.007292 0.009722
0 0.636458 0.768056 0.007292 0.009722
0 0.552083 0.723611 0.007292 0.009722
0 0.589583 0.637500 0.007292 0.009722
0 0.490625 0.588889 0.007292 0.009722
0 0.454167 0.526389 0.007292 0.009722
0 0.534375 0.470833 0.007292 0.009722
0 0.327083 0.527778 0.007292 0.009722
0 0.225000 0.513889 0.007292 0.009722
0 0.209375 0.537500 0.007292 0.009722
0 0.200000 0.552778 0.007292 0.009722
0 0.305208 0.601389 0.007292 0.009722
0 0.191667 0.633333 0.007292 0.009722
0 0.182292 0.702778 0.007292 0.009722
0 0.181250 0.762500 0.007292 0.009722
0 0.431250 0.716667 0.007292 0.009722
0 0.377083 0.684722 0.007292 0.009722
0 0.378125 0.711111 0.007292 0.009722
0 0.339583 0.436111 0.007292 0.009722
0 0.446875 0.891667 0.007292 0.009722
0 0.478125 0.894444 0.007292 0.009722
0 0.254167 0.851389 0.007292 0.009722
0 0.673958 0.973611 0.007292 0.009722
0 0.729167 0.897222 0.007292 0.009722
0 0.756250 0.927778 0.007292 0.009722
0 0.710417 0.969444 0.007292 0.009722
0 0.467708 0.727778 0.007292 0.009722
0 0.465625 0.733333 0.007292 0.009722
0 0.705208 0.684722 0.007292 0.009722