0 0.246875 0.048611 0.007292 0.009722
0 0.642708 0.038889 0.007292 0.009722
0 0.850000 0.070833 0.007292 0.009722
0 0.806250 0.131944 0.007292 0.009722
0 0.861458 0.187500 0.007292 0.009722
0 0.710417 0.213889 0.007292 0.009722
0 0.684375 0.113889 0.007292 0.009722
0 0.594792 0.108333 0.007292 0.009722
0 0.523958 0.252778 0.007292 0.009722
0 0.407292 0.225000 0.007292 0.009722
0 0.393750 0.229167 0.007292 0.009722
0 0.356250 0.184722 0.007292 0.009722
0 0.248958 0.104167 0.007292 0.009722
0 0.187500 0.230556 0.007292 0.009722
0 0.225000 0.238889 0.007292 0.009722
0 0.306250 0.243056 0.007292 0.009722
0 0.279167 0.266667 0.007292 0.009722
0 0.286458 0.345833 0.007292 0.009722
0 0.155208 0.373611 0.007292 0.009722
0 0.591667 0.344444 0.007292 0.009722
0 0.686458 0.269444 0.007292 0.009722
0 0.705208 0.411111 0.007292 0.009722
0 0.750000 0.337500 0.007292 0.009722
0 0.797917 0.275000 0.007292 0.009722
0 0.804167 0.318056 0.007292 0.009722
0 0.848958 0.351389 0.007292 0.009722
0 0.843750 0.409722 0.007292 0.009722
0 0.848958 0.497222 0.007292 0.009722
0 0.684375 0.625000 0.007292 0.009722
0 0.631250 0.529167 0.007292 0.009722
0 0.651042 0.456944 0.007292 0.009722
0 0.591667 0.438889 0.007292 0.009722
0 0.565625 0.452778 0.007292 0.009722
0 0.553125 0.495833 0.007292 0.009722
0 0.468750 0.530556 0.007292 0.009722
0 0.469792 0.565278 0.007292 0.009722
0 0.403125 0.486111 0.007292 0.009722
0 0.381250 0.583333 0.007292 0.009722
0 0.273958 0.513889 0.007292 0.009722
0 0.188542 0.466667 0.007292 0.009722
0 0.170833 0.600000 0.007292 0.009722
0 0.295833 0.633333 0.007292 0.009722
0 0.334375 0.608333 0.007292 0.009722
0 0.396875 0.620833 0.007292 0.009722
0 0.235417 0.737500 0.007292 0.009722
0 0.281250 0.708333 0.007292 0.009722
0 0.271875 0.758333 0.007292 0.009722
0 0.338542 0.768056 0.007292 0.009722
0 0.335417 0.776389 0.007292 0.009722
0 0.341667 0.711111 0.007292 0.009722
0 0.330208 0.663889 0.007292 0.009722
0 0.375000 0.658333 0.007292 0.009722
0 0.445833 0.729167 0.007292 0.009722
0 0.466667 0.704167 0.007292 0.009722
0 0.479167 0.690278 0.007292 0.009722
0 0.513542 0.691667 0.007292 0.009722
0 0.498958 0.712500 0.007292 0.009722
0 0.567708 0.731944 0.007292 0.009722
0 0.636458 0.681944 0.007292 0.009722
0 0.794792 0.673611 0.007292 0.009722
0 0.809375 0.675000 0.007292 0.009722
0 0.822917 0.777778 0.007292 0.009722
0 0.732292 0.823611 0.007292 0.009722
0 0.773958 0.873611 0.007292 0.009722
0 0.575000 0.825000 0.007292 0.009722
0 0.454167 0.950000 0.007292 0.009722
0 0.427083 0.909722 0.007292 0.009722
0 0.413542 0.930556 0.007292 0.009722
0 0.294792 0.868056 0.007292 0.009722
0 0.266667 0.895833 0.007292 0.009722
0 0.184375 0.847222 0.007292 0.009722
0 0.189583 0.955556 0.007292 0.009722
0 0.207292 0.968056 0.007292 0.009722