0 0.372917 0.038889 0.007292 0.009722
0 0.215625 0.169444 0.007292 0.009722
0 0.198958 0.219444 0.007292 0.009722
0 0.289583 0.297222 0.007292 0.009722
0 0.418750 0.195833 0.007292 0.009722
0 0.417708 0.205556 0.007292 0.009722
0 0.446875 0.202778 0.007292 0.009722
0 0.580208 0.084722 0.007292 0.009722
0 0.720833 0.130556 0.007292 0.009722
0 0.785417 0.158333 0.007292 0.009722
0 0.565625 0.240278 0.007292 0.009722
0 0.814583 0.304167 0.007292 0.009722
0 0.839583 0.591667 0.007292 0.009722
0 0.677083 0.448611 0.007292 0.009722
0 0.529167 0.533333 0.007292 0.009722
0 0.486458 0.540278 0.007292 0.009722
0 0.266667 0.481944 0.007292 0.009722
0 0.271875 0.616667 0.007292 0.009722
0 0.215625 0.733333 0.007292 0.009722
0 0.150000 0.784722 0.007292 0.009722
0 0.236458 0.888889 0.007292 0.009722
0 0.237500 0.905556 0.007292 0.009722
0 0.329167 0.745833 0.007292 0.009722
0 0.389583 0.681944 0.007292 0.009722
0 0.468750 0.691667 0.007292 0.009722
0 0.508333 0.722222 0.007292 0.009722
0 0.492708 0.826389 0.007292 0.009722
0 0.488542 0.858333 0.007292 0.009722
0 0.594792 0.725000 0.007292 0.009722
0 0.691667 0.681944 0.007292 0.009722
0 0.795833 0.756944 0.007292 0.009722
0 0.859375 0.906944 0.007292 0.009722
0 0.863542 0.976389 0.007292 0.009722