0 0.279167 0.034722 0.007292 0.009722
0 0.670833 0.023611 0.007292 0.009722
0 0.850000 0.070833 0.007292 0.009722
0 0.871875 0.061111 0.007292 0.009722
0 0.855208 0.198611 0.007292 0.009722
0 0.558333 0.240278 0.007292 0.009722
0 0.547917 0.280556 0.007292 0.009722
0 0.623958 0.252778 0.007292 0.009722
0 0.469792 0.250000 0.007292 0.009722
0 0.410417 0.283333 0.007292 0.009722
0 0.354167 0.327778 0.007292 0.009722
0 0.238542 0.386111 0.007292 0.009722
0 0.193750 0.402778 0.007292 0.009722
0 0.257292 0.427778 0.007292 0.009722
0 0.228125 0.450000 0.007292 0.009722
0 0.212500 0.466667 0.007292 0.009722
0 0.358333 0.522222 0.007292 0.009722
0 0.319792 0.562500 0.007292 0.009722
0 0.557292 0.490278 0.007292 0.009722
0 0.587500 0.522222 0.007292 0.009722
0 0.687500 0.455556 0.007292 0.009722
0 0.827083 0.430556 0.007292 0.009722
0 0.839583 0.445833 0.007292 0.009722
0 0.857292 0.456944 0.007292 0.009722
0 0.850000 0.463889 0.007292 0.009722
0 0.832292 0.556944 0.007292 0.009722
0 0.876042 0.600000 0.007292 0.009722
0 0.785417 0.605556 0.007292 0.009722
0 0.859375 0.761111 0.007292 0.009722
0 0.783333 0.808333 0.007292 0.009722
0 0.805208 0.834722 0.007292 0.009722
0 0.841667 0.881944 0.007292 0.009722
0 0.827083 0.977778 0.007292 0.009722
0 0.789583 0.973611 0.007292 0.009722
0 0.532292 0.968056 0.007292 0.009722
0 0.530208 0.902778 0.007292 0.009722
0 0.588542 0.797222 0.007292 0.009722
0 0.534375 0.777778 0.007292 0.009722
0 0.323958 0.713889 0.007292 0.009722
0 0.322917 0.643056 0.007292 0.009722
0 0.397917 0.818056 0.007292 0.009722
0 0.309375 0.865278 0.007292 0.009722
0 0.213542 0.727778 0.007292 0.009722
0 0.193750 0.688889 0.007292 0.009722
0 0.197917 0.781944 0.007292 0.009722
0 0.881250 0.313889 0.007292 0.009722
0 0.804167 0.370833 0.007292 0.009722