0 0.587500 0.083333 0.007292 0.009722
0 0.634375 0.120833 0.007292 0.009722
0 0.636458 0.184722 0.007292 0.009722
0 0.615625 0.211111 0.007292 0.009722
0 0.669792 0.225000 0.007292 0.009722
0 0.641667 0.263889 0.007292 0.009722
0 0.705208 0.247222 0.007292 0.009722
0 0.456250 0.393056 0.007292 0.009722
0 0.512500 0.408333 0.007292 0.009722
0 0.386458 0.368056 0.007292 0.009722
0 0.303125 0.429167 0.007292 0.009722
0 0.326042 0.472222 0.007292 0.009722
0 0.373958 0.441667 0.007292 0.009722
0 0.587500 0.738889 0.007292 0.009722
0 0.673958 0.734722 0.007292 0.009722
0 0.435417 0.745833 0.007292 0.009722
0 0.477083 0.920833 0.007292 0.009722