0 0.323958 0.045833 0.007292 0.009722
0 0.175000 0.018056 0.007292 0.009722
0 0.152083 0.087500 0.007292 0.009722
0 0.241667 0.166667 0.007292 0.009722
0 0.391667 0.204167 0.007292 0.009722
0 0.416667 0.223611 0.007292 0.009722
0 0.487500 0.095833 0.007292 0.009722
0 0.501042 0.102778 0.007292 0.009722
0 0.495833 0.033333 0.007292 0.009722
0 0.416667 0.070833 0.007292 0.009722
0 0.820833 0.031944 0.007292 0.009722
0 0.832292 0.145833 0.007292 0.009722
0 0.837500 0.194444 0.007292 0.009722
0 0.772917 0.293056 0.007292 0.009722
0 0.683333 0.231944 0.007292 0.009722
0 0.679167 0.304167 0.007292 0.009722
0 0.621875 0.329167 0.007292 0.009722
0 0.596875 0.323611 0.007292 0.009722
0 0.587500 0.322222 0.007292 0.009722
0 0.428125 0.370833 0.007292 0.009722
0 0.395833 0.330556 0.007292 0.009722
0 0.336458 0.259722 0.007292 0.009722
0 0.302083 0.375000 0.007292 0.009722
0 0.260417 0.400000 0.007292 0.009722
0 0.169792 0.348611 0.007292 0.009722
0 0.158333 0.331944 0.007292 0.009722
0 0.182292 0.577778 0.007292 0.009722
0 0.225000 0.547222 0.007292 0.009722
0 0.240625 0.480556 0.007292 0.009722
0 0.227083 0.619444 0.007292 0.009722
0 0.196875 0.651389 0.007292 0.009722
0 0.215625 0.652778 0.007292 0.009722
0 0.250000 0.625000 0.007292 0.009722
0 0.417708 0.604167 0.007292 0.009722
0 0.469792 0.493056 0.007292 0.009722
0 0.538542 0.426389 0.007292 0.009722
0 0.608333 0.495833 0.007292 0.009722
0 0.583333 0.562500 0.007292 0.009722
0 0.500000 0.556944 0.007292 0.009722
0 0.395833 0.479167 0.007292 0.009722
0 0.692708 0.540278 0.007292 0.009722
0 0.777083 0.509722 0.007292 0.009722
0 0.869792 0.545833 0.007292 0.009722
0 0.862500 0.723611 0.007292 0.009722
0 0.812500 0.609722 0.007292 0.009722
0 0.777083 0.670833 0.007292 0.009722
0 0.644792 0.750000 0.007292 0.009722
0 0.613542 0.754167 0.007292 0.009722
0 0.535417 0.800000 0.007292 0.009722
0 0.535417 0.816667 0.007292 0.009722
0 0.447917 0.768056 0.007292 0.009722
0 0.376042 0.723611 0.007292 0.009722
0 0.340625 0.709722 0.007292 0.009722
0 0.218750 0.806944 0.007292 0.009722
0 0.228125 0.813889 0.007292 0.009722
0 0.230208 0.912500 0.007292 0.009722
0 0.630208 0.833333 0.007292 0.009722
0 0.750000 0.837500 0.007292 0.009722
0 0.831250 0.855556 0.007292 0.009722
0 0.856250 0.894444 0.007292 0.009722
0 0.871875 0.843056 0.007292 0.009722
0 0.191667 0.820833 0.007292 0.009722
0 0.204167 0.841667 0.007292 0.009722
0 0.214583 0.843056 0.007292 0.009722
0 0.235417 0.851389 0.007292 0.009722
0 0.240625 0.838889 0.007292 0.009722