0 0.577083 0.023611 0.007292 0.009722
0 0.483333 0.133333 0.007292 0.009722
0 0.456250 0.112500 0.007292 0.009722
0 0.459375 0.104167 0.007292 0.009722
0 0.406250 0.098611 0.007292 0.009722
0 0.331250 0.112500 0.007292 0.009722
0 0.338542 0.129167 0.007292 0.009722
0 0.302083 0.130556 0.007292 0.009722
0 0.182292 0.093056 0.007292 0.009722
0 0.175000 0.098611 0.007292 0.009722
0 0.160417 0.033333 0.007292 0.009722
0 0.305208 0.243056 0.007292 0.009722
0 0.305208 0.288889 0.007292 0.009722
0 0.302083 0.354167 0.007292 0.009722
0 0.298958 0.372222 0.007292 0.009722
0 0.358333 0.380556 0.007292 0.009722
0 0.352083 0.394444 0.007292 0.009722
0 0.362500 0.331944 0.007292 0.009722
0 0.392708 0.268056 0.007292 0.009722
0 0.560417 0.184722 0.007292 0.009722
0 0.591667 0.144444 0.007292 0.009722
0 0.535417 0.322222 0.007292 0.009722
0 0.518750 0.345833 0.007292 0.009722
0 0.448958 0.295833 0.007292 0.009722
0 0.575000 0.402778 0.007292 0.009722
0 0.726042 0.191667 0.007292 0.009722
0 0.840625 0.180556 0.007292 0.009722
0 0.796875 0.693056 0.007292 0.009722
0 0.714583 0.738889 0.007292 0.009722
0 0.731250 0.845833 0.007292 0.009722
0 0.531250 0.773611 0.007292 0.009722
0 0.519792 0.920833 0.007292 0.009722
0 0.418750 0.922222 0.007292 0.009722
0 0.436458 0.927778 0.007292 0.009722
0 0.359375 0.829167 0.007292 0.009722
0 0.332292 0.837500 0.007292 0.009722
0 0.311458 0.719444 0.007292 0.009722
0 0.219792 0.640278 0.007292 0.009722
0 0.365625 0.479167 0.007292 0.009722
0 0.421875 0.501389 0.007292 0.009722
0 0.411458 0.550000 0.007292 0.009722
0 0.200000 0.430556 0.007292 0.009722
0 0.275000 0.391667 0.007292 0.009722
0 0.190625 0.468056 0.007292 0.009722
0 0.223958 0.604167 0.007292 0.009722
0 0.192708 0.662500 0.007292 0.009722
0 0.203125 0.808333 0.007292 0.009722
0 0.225000 0.834722 0.007292 0.009722
0 0.314583 0.929167 0.007292 0.009722
0 0.867708 0.970833 0.007292 0.009722
0 0.532292 0.430556 0.007292 0.009722