0 0.233333 0.145833 0.007292 0.009722
0 0.757292 0.094444 0.007292 0.009722
0 0.751042 0.095833 0.007292 0.009722
0 0.804167 0.083333 0.007292 0.009722
0 0.860417 0.073611 0.007292 0.009722
0 0.771875 0.181944 0.007292 0.009722
0 0.757292 0.258333 0.007292 0.009722
0 0.767708 0.361111 0.007292 0.009722
0 0.791667 0.475000 0.007292 0.009722
0 0.851042 0.540278 0.007292 0.009722
0 0.835417 0.684722 0.007292 0.009722
0 0.790625 0.976389 0.007292 0.009722
0 0.637500 0.952778 0.007292 0.009722
0 0.659375 0.855556 0.007292 0.009722
0 0.626042 0.572222 0.007292 0.009722
0 0.464583 0.329167 0.007292 0.009722
0 0.391667 0.545833 0.007292 0.009722
0 0.213542 0.537500 0.007292 0.009722
0 0.361458 0.713889 0.007292 0.009722
0 0.311458 0.977778 0.007292 0.009722