0 0.505208 0.044444 0.007292 0.009722
0 0.564583 0.130556 0.007292 0.009722
0 0.720833 0.108333 0.007292 0.009722
0 0.861458 0.341667 0.007292 0.009722
0 0.597917 0.304167 0.007292 0.009722
0 0.596875 0.340278 0.007292 0.009722
0 0.583333 0.404167 0.007292 0.009722
0 0.193750 0.295833 0.007292 0.009722
0 0.312500 0.441667 0.007292 0.009722
0 0.289583 0.593056 0.007292 0.009722
0 0.321875 0.566667 0.007292 0.009722
0 0.321875 0.572222 0.007292 0.009722
0 0.383333 0.597222 0.007292 0.009722
0 0.380208 0.590278 0.007292 0.009722
0 0.690625 0.511111 0.007292 0.009722
0 0.846875 0.616667 0.007292 0.009722
0 0.814583 0.684722 0.007292 0.009722
0 0.730208 0.733333 0.007292 0.009722
0 0.740625 0.683333 0.007292 0.009722
0 0.491667 0.627778 0.007292 0.009722
0 0.365625 0.734722 0.007292 0.009722
0 0.434375 0.613889 0.007292 0.009722
0 0.501042 0.969444 0.007292 0.009722
0 0.608333 0.966667 0.007292 0.009722