0 0.141667 0.037500 0.007292 0.009722
0 0.132292 0.137500 0.007292 0.009722
0 0.184375 0.161111 0.007292 0.009722
0 0.282292 0.125000 0.007292 0.009722
0 0.325000 0.169444 0.007292 0.009722
0 0.344792 0.125000 0.007292 0.009722
0 0.343750 0.073611 0.007292 0.009722
0 0.400000 0.059722 0.007292 0.009722
0 0.423958 0.072222 0.007292 0.009722
0 0.405208 0.101389 0.007292 0.009722
0 0.429167 0.136111 0.007292 0.009722
0 0.452083 0.184722 0.007292 0.009722
0 0.466667 0.076389 0.007292 0.009722
0 0.546875 0.123611 0.007292 0.009722
0 0.553125 0.113889 0.007292 0.009722
0 0.564583 0.105556 0.007292 0.009722
0 0.569792 0.108333 0.007292 0.009722
0 0.580208 0.115278 0.007292 0.009722
0 0.540625 0.063889 0.007292 0.009722
0 0.497917 0.058333 0.007292 0.009722
0 0.616667 0.205556 0.007292 0.009722
0 0.673958 0.211111 0.007292 0.009722
0 0.721875 0.193056 0.007292 0.009722
0 0.733333 0.130556 0.007292 0.009722
0 0.807292 0.265278 0.007292 0.009722
0 0.826042 0.300000 0.007292 0.009722
0 0.735417 0.295833 0.007292 0.009722
0 0.762500 0.326389 0.007292 0.009722
0 0.729167 0.340278 0.007292 0.009722
0 0.746875 0.348611 0.007292 0.009722
0 0.577083 0.322222 0.007292 0.009722
0 0.576042 0.362500 0.007292 0.009722
0 0.626042 0.347222 0.007292 0.009722
0 0.547917 0.401389 0.007292 0.009722
0 0.501042 0.422222 0.007292 0.009722
0 0.497917 0.413889 0.007292 0.009722
0 0.411458 0.386111 0.007292 0.009722
0 0.418750 0.379167 0.007292 0.009722
0 0.431250 0.325000 0.007292 0.009722
0 0.417708 0.327778 0.007292 0.009722
0 0.454167 0.290278 0.007292 0.009722
0 0.407292 0.318056 0.007292 0.009722
0 0.389583 0.261111 0.007292 0.009722
0 0.369792 0.261111 0.007292 0.009722
0 0.384375 0.312500 0.007292 0.009722
0 0.148958 0.308333 0.007292 0.009722
0 0.280208 0.394444 0.007292 0.009722
0 0.340625 0.411111 0.007292 0.009722
0 0.135417 0.483333 0.007292 0.009722
0 0.146875 0.608333 0.007292 0.009722
0 0.172917 0.587500 0.007292 0.009722
0 0.172917 0.587500 0.007292 0.009722
0 0.231250 0.555556 0.007292 0.009722
0 0.231250 0.531944 0.007292 0.009722
0 0.243750 0.568056 0.007292 0.009722
0 0.302083 0.563889 0.007292 0.009722
0 0.320833 0.488889 0.007292 0.009722
0 0.359375 0.484722 0.007292 0.009722
0 0.413542 0.548611 0.007292 0.009722
0 0.450000 0.487500 0.007292 0.009722
0 0.460417 0.544444 0.007292 0.009722
0 0.488542 0.484722 0.007292 0.009722
0 0.538542 0.479167 0.007292 0.009722
0 0.578125 0.529167 0.007292 0.009722
0 0.633333 0.565278 0.007292 0.009722
0 0.614583 0.477778 0.007292 0.009722
0 0.653125 0.480556 0.007292 0.009722
0 0.625000 0.441667 0.007292 0.009722
0 0.673958 0.465278 0.007292 0.009722
0 0.766667 0.541667 0.007292 0.009722
0 0.768750 0.559722 0.007292 0.009722
0 0.785417 0.561111 0.007292 0.009722
0 0.791667 0.584722 0.007292 0.009722
0 0.669792 0.601389 0.007292 0.009722
0 0.682292 0.629167 0.007292 0.009722
0 0.740625 0.641667 0.007292 0.009722
0 0.744792 0.681944 0.007292 0.009722
0 0.704167 0.669444 0.007292 0.009722
0 0.725000 0.729167 0.007292 0.009722
0 0.784375 0.731944 0.007292 0.009722
0 0.805208 0.705556 0.007292 0.009722
0 0.819792 0.697222 0.007292 0.009722
0 0.785417 0.777778 0.007292 0.009722
0 0.801042 0.794444 0.007292 0.009722
0 0.701042 0.805556 0.007292 0.009722
0 0.648958 0.756944 0.007292 0.009722
0 0.581250 0.634722 0.007292 0.009722
0 0.647917 0.648611 0.007292 0.009722
0 0.520833 0.609722 0.007292 0.009722
0 0.501042 0.600000 0.007292 0.009722
0 0.516667 0.669444 0.007292 0.009722
0 0.519792 0.698611 0.007292 0.009722
0 0.562500 0.704167 0.007292 0.009722
0 0.483333 0.743056 0.007292 0.009722
0 0.487500 0.765278 0.007292 0.009722
0 0.370833 0.779167 0.007292 0.009722
0 0.401042 0.650000 0.007292 0.009722
0 0.308333 0.598611 0.007292 0.009722
0 0.276042 0.605556 0.007292 0.009722
0 0.229167 0.616667 0.007292 0.009722
0 0.222917 0.619444 0.007292 0.009722
0 0.253125 0.677778 0.007292 0.009722
0 0.273958 0.686111 0.007292 0.009722
0 0.250000 0.773611 0.007292 0.009722
0 0.153125 0.763889 0.007292 0.009722
0 0.216667 0.797222 0.007292 0.009722
0 0.137500 0.898611 0.007292 0.009722
0 0.136458 0.830556 0.007292 0.009722
0 0.233333 0.845833 0.007292 0.009722
0 0.265625 0.886111 0.007292 0.009722
0 0.222917 0.916667 0.007292 0.009722
0 0.221875 0.938889 0.007292 0.009722
0 0.359375 0.919444 0.007292 0.009722
0 0.366667 0.947222 0.007292 0.009722
0 0.361458 0.948611 0.007292 0.009722
0 0.405208 0.815278 0.007292 0.009722
0 0.411458 0.843056 0.007292 0.009722
0 0.487500 0.868056 0.007292 0.009722
0 0.510417 0.848611 0.007292 0.009722
0 0.602083 0.879167 0.007292 0.009722
0 0.647917 0.858333 0.007292 0.009722
0 0.693750 0.854167 0.007292 0.009722
0 0.695833 0.840278 0.007292 0.009722
0 0.720833 0.840278 0.007292 0.009722
0 0.740625 0.820833 0.007292 0.009722
0 0.786458 0.950000 0.007292 0.009722
0 0.779167 0.948611 0.007292 0.009722
0 0.833333 0.883333 0.007292 0.009722
0 0.843750 0.804167 0.007292 0.009722
0 0.585417 0.965278 0.007292 0.009722
0 0.619792 0.965278 0.007292 0.009722
0 0.704167 0.990278 0.007292 0.009722
0 0.767708 0.979167 0.007292 0.009722
0 0.838542 0.986111 0.007292 0.009722