0 0.189583 0.154167 0.007292 0.009722
0 0.207292 0.187500 0.007292 0.009722
0 0.252083 0.197222 0.007292 0.009722
0 0.320833 0.206944 0.007292 0.009722
0 0.377083 0.084722 0.007292 0.009722
0 0.352083 0.133333 0.007292 0.009722
0 0.359375 0.098611 0.007292 0.009722
0 0.445833 0.166667 0.007292 0.009722
0 0.485417 0.108333 0.007292 0.009722
0 0.535417 0.140278 0.007292 0.009722
0 0.566667 0.202778 0.007292 0.009722
0 0.670833 0.140278 0.007292 0.009722
0 0.718750 0.283333 0.007292 0.009722
0 0.722917 0.288889 0.007292 0.009722
0 0.760417 0.350000 0.007292 0.009722
0 0.658333 0.384722 0.007292 0.009722
0 0.528125 0.276389 0.007292 0.009722
0 0.252083 0.543056 0.007292 0.009722
0 0.215625 0.418056 0.007292 0.009722
0 0.433333 0.498611 0.007292 0.009722
0 0.483333 0.431944 0.007292 0.009722
0 0.484375 0.440278 0.007292 0.009722
0 0.732292 0.515278 0.007292 0.009722
0 0.612500 0.505556 0.007292 0.009722
0 0.864583 0.412500 0.007292 0.009722
0 0.877083 0.413889 0.007292 0.009722
0 0.790625 0.691667 0.007292 0.009722
0 0.852083 0.733333 0.007292 0.009722
0 0.729167 0.754167 0.007292 0.009722
0 0.726042 0.701389 0.007292 0.009722
0 0.646875 0.720833 0.007292 0.009722
0 0.740625 0.811111 0.007292 0.009722
0 0.543750 0.841667 0.007292 0.009722
0 0.555208 0.933333 0.007292 0.009722
0 0.564583 0.937500 0.007292 0.009722
0 0.592708 0.976389 0.007292 0.009722
0 0.468750 0.883333 0.007292 0.009722
0 0.473958 0.806944 0.007292 0.009722
0 0.463542 0.801389 0.007292 0.009722
0 0.418750 0.652778 0.007292 0.009722
0 0.483333 0.601389 0.007292 0.009722
0 0.516667 0.626389 0.007292 0.009722
0 0.208333 0.670833 0.007292 0.009722
0 0.379167 0.836111 0.007292 0.009722