0 0.270833 0.073611 0.007292 0.009722
0 0.378125 0.048611 0.007292 0.009722
0 0.328125 0.159722 0.007292 0.009722
0 0.306250 0.205556 0.007292 0.009722
0 0.441667 0.076389 0.007292 0.009722
0 0.795833 0.161111 0.007292 0.009722
0 0.763542 0.365278 0.007292 0.009722
0 0.777083 0.376389 0.007292 0.009722
0 0.518750 0.333333 0.007292 0.009722
0 0.530208 0.368056 0.007292 0.009722
0 0.465625 0.252778 0.007292 0.009722
0 0.203125 0.219444 0.007292 0.009722
0 0.215625 0.461111 0.007292 0.009722
0 0.439583 0.461111 0.007292 0.009722
0 0.442708 0.538889 0.007292 0.009722
0 0.533333 0.573611 0.007292 0.009722
0 0.596875 0.576389 0.007292 0.009722
0 0.617708 0.443056 0.007292 0.009722
0 0.860417 0.488889 0.007292 0.009722
0 0.791667 0.551389 0.007292 0.009722
0 0.788542 0.619444 0.007292 0.009722
0 0.709375 0.709722 0.007292 0.009722
0 0.666667 0.675000 0.007292 0.009722
0 0.559375 0.641667 0.007292 0.009722
0 0.559375 0.670833 0.007292 0.009722
0 0.665625 0.747222 0.007292 0.009722
0 0.608333 0.759722 0.007292 0.009722
0 0.621875 0.783333 0.007292 0.009722
0 0.769792 0.795833 0.007292 0.009722
0 0.820833 0.780556 0.007292 0.009722
0 0.829167 0.806944 0.007292 0.009722
0 0.837500 0.762500 0.007292 0.009722
0 0.852083 0.823611 0.007292 0.009722
0 0.868750 0.850000 0.007292 0.009722
0 0.773958 0.850000 0.007292 0.009722
0 0.767708 0.904167 0.007292 0.009722
0 0.684375 0.856944 0.007292 0.009722
0 0.653125 0.858333 0.007292 0.009722
0 0.685417 0.936111 0.007292 0.009722
0 0.516667 0.845833 0.007292 0.009722
0 0.500000 0.850000 0.007292 0.009722
0 0.477083 0.973611 0.007292 0.009722
0 0.458333 0.958333 0.007292 0.009722
0 0.447917 0.975000 0.007292 0.009722
0 0.556250 0.756944 0.007292 0.009722
0 0.415625 0.669444 0.007292 0.009722
0 0.485417 0.722222 0.007292 0.009722
0 0.383333 0.806944 0.007292 0.009722
0 0.344792 0.858333 0.007292 0.009722
0 0.418750 0.890278 0.007292 0.009722
0 0.427083 0.933333 0.007292 0.009722
0 0.213542 0.738889 0.007292 0.009722
0 0.240625 0.883333 0.007292 0.009722
0 0.182292 0.797222 0.007292 0.009722
0 0.344792 0.975000 0.007292 0.009722